No. 40 65 100 125 150 200 250 300 325 350 375 400 425 450 475 500
1 138 138 138 138 138 129 122 116 114 111 109 107 105 103 … …
2 117 117 117 117 117 110 103 98.5 96.5 94.7 92.8 90.9 89.1 87.2 … …
3 138 138 138 138 138 129 122 116 114 111 109 107 105 103 … …
4 138 138 138 138 138 129 122 116 114 111 109 107 105 103 … …
5 117 117 117 117 117 110 103 98.5 96.5 94.7 92.8 90.9 89.1 87.2 … …
6 138 138 138 138 138 129 122 116 114 111 109 107 105 103 … …
7 138 138 138 138 138 129 122 116 114 111 109 107 105 103 … …
8 138 138 138 138 138 129 122 116 114 111 109 107 105 103 … …
9 138 138 138 138 138 129 122 116 114 111 109 107 105 103 … … ð23Þ
10 138 138 138 138 138 129 122 116 114 111 109 107 105 103 … …
11 117 117 117 117 117 110 103 98.5 96.5 94.7 92.8 90.9 89.1 87.2 … …
12 138 138 138 138 138 129 122 116 114 111 109 107 105 103 … …
13 138 138 138 138 138 129 122 116 114 111 109 107 105 103 … …
14 117 117 117 117 117 110 103 98.5 96.5 94.7 92.8 90.9 89.1 87.2 … …
15 117 117 117 117 117 110 103 98.5 96.5 94.7 92.8 90.9 89.1 87.2 … …
16 138 138 138 138 138 129 122 116 114 111 109 107 105 103 … …
17 138 138 138 138 138 129 122 116 114 111 109 107 105 103 … …
18 117 117 117 117 117 110 103 98.5 96.5 94.7 92.8 90.9 89.1 87.2 … …
19 138 138 138 138 138 129 122 116 114 111 109 107 105 103 … …
20 138 138 138 138 138 129 122 116 114 111 109 107 105 103 … …
21 138 138 138 138 138 129 122 116 114 111 109 107 105 103 … …
22 138 138 138 138 138 129 122 116 114 111 109 107 105 103 … …
23 138 138 138 138 138 129 122 116 114 111 109 107 105 103 … …
24 138 138 138 138 138 129 122 116 114 111 109 107 105 103 … …
25 117 117 117 117 117 110 103 98.5 96.5 94.7 92.8 90.9 89.1 87.2 … …
26 138 138 138 138 138 129 122 116 114 111 109 107 105 103 … …
27 138 138 138 138 138 129 122 116 114 111 109 107 105 103 … …
28 117 117 117 117 117 110 103 98.5 96.5 94.7 92.8 90.9 89.1 87.2 … …
29 138 138 138 138 138 129 122 116 114 111 109 107 105 103 … …
30 138 138 138 138 138 129 122 116 114 111 109 107 105 103 … …
31 138 138 138 138 138 129 122 116 114 111 109 107 105 103 … …
32 138 138 138 138 138 129 122 116 114 111 109 107 105 103 … …
33 138 138 138 138 138 129 122 116 114 111 109 107 105 103 … …
34 117 117 117 117 117 110 103 98.5 96.5 94.7 92.8 90.9 89.1 87.2 … …
35 138 138 138 138 138 129 122 116 114 111 109 107 105 103 … …
36 138 138 138 138 138 129 122 116 114 111 109 107 105 103 … …
37 117 117 117 117 117 110 103 98.5 96.5 94.7 92.8 90.9 89.1 87.2 … …
38 117 117 117 117 117 110 103 98.5 96.5 94.7 92.8 90.9 89.1 87.2 … …
39 138 138 138 138 138 129 122 116 114 111 109 107 105 103 … …
40 138 138 138 138 138 129 122 116 114 111 109 107 105 103 … …
41 138 138 138 138 138 129 122 116 114 111 109 107 105 103 … …
42 140 140 140 140 140 131.4 123.3 117.9 115.2 112.5 110.7 108.9 106.2 104.4 … … ð23Þ
43 138 138 138 138 138 129 122 116 114 111 109 107 105 103 … …
44 138 138 138 138 138 129 122 116 114 111 109 107 105 103 … …
45 161 161 161 159 156 150 142 135 132 130 127 … … … … …
