40 65 100 125 150 200 250 300 325 350 375 400 425 450 475
1 118 118 118 118 118 118 114 107 104 101 97.8 89.1 75.4 62.6 45.5
2 118 118 118 118 118 118 118 115 112 108 104 88.9 75.3 62.7 45.5
3 118 118 118 118 118 118 118 115 112 108 104 88.9 75.3 62.7 45.5
4 118 118 118 118 118 118 118 115 112 108 104 …………
5 118 118 118 118 118 118 118 115 112 108 104 …………
6 118 118 118 118 118 118 118 115 112 108 104 …………
7 118 118 118 118 118 118 118 115 112 108 104 …………
8 118 118 118 118 118 118 118 115 112 108 104 …………
9 118 118 118 118 118 118 118 115 112 108 104 …………
10 118 118 118 118 118 …………………………
11 118 118 118 118 118 118 118 118 115 111 ……………
12 118 118 118 118 118 118 118 118 118 117 105 88.9 75.3 62.7 45.5
13 101 101 101 101 101 101 101 101 101 99.7 89.7 75.9 64.1 53.3 38.6
14 118 118 118 118 118 118 118 118 118 117 105 88.9 75.3 62.7 45.5
15 118 118 118 118 118 118 118 118 118 117 105 88.9 75.3 62.7 45.5
16 118 118 118 118 118 118 118 118 118 117 105 88.9 75.3 62.7 45.5
17 101 101 101 101 101 101 101 101 101 99.7 89.7 75.9 64.1 53.3 38.6
18 118 118 118 118 118 118 118 118 118 117 105 88.9 75.3 62.7 45.5
19 118 118 118 118 118 118 118 118 118 117 105 88.9 75.3 62.7 45.5
20 101 101 101 101 101 101 101 101 101 99.7 89.7 …………
21 118 118 118 118 118 118 118 118 118 117 105 …………
22 101 101 101 101 101 101 101 101 101 101 ……………
23 118 118 118 118 118 118 118 118 118 117 105 88.9 75.3 62.7 45.5
24 118 118 118 118 118 118 118 118 118 118 ……………
25 118 118 118 118 118 118 118 118 118 117 105 88.9 75.3 62.7 45.5
26 118 118 118 118 118 118 118 118 118 117 105 88.9 75.3 62.7 45.5
27 118 118 118 118 118 118 118 118 118 117 105 88.9 75.3 62.7 45.5
28 118 118 118 118 118 118 118 118 118 117 105 …………
29 118 118 118 118 118 118 118 118 118 117 105 88.9 75.3 62.7 45.5
30 118 118 118 118 118 118 118 118 118 117 105 88.9 75.2 63.2 40.5
31 118 118 118 118 118 118 118 118 118 117 105 88.9 75.3 62.7 45.5
32 101 101 101 101 101 101 101 101 101 99.7 89.7 75.9 64.1 53.3 38.6
33 118 118 118 118 118 118 118 118 118 117 105 88.9 75.3 62.7 45.5
34 118 118 118 118 118 118 118 118 118 117 105 88.9 75.3 62.7 45.5
35 101 101 101 101 101 101 101 101 101 99.7 89.7 75.9 64.1 53.3 38.6
36 118 118 118 118 118 118 118 118 118 118 ……………
37 118 118 118 118 118 118 118 118 118 ………………
38 118 118 118 118 118 118 118 118 118 ………………
39 118 118 118 118 118 118 118 118 118 ………………
40 118 118 118 118 118 118 118 118 118 ………………
41 123 123 123 123 123 123 123 123 123 123 114 95.0 79.6 63.2 45.3
42 123 123 123 123 123 123 123 123 123 123 114 95.0 79.6 63.2 45.3
43 123 123 123 123 123 123 121 114 111 108 105 96.2 79.1 62.1 46.0
44 126 126 126 126 126 126 126 122 119 115 112 96.2 79.1 62.1 46.0
45 128 128 128 128 128 128 123 117 113 110 106 95.2 79.6 63.8 39.2