40 65 100 125 150 200 250 300 325 350 375 400 425 450 475
1 138 138 138 138 138 138 138 136 132 128 123 …………
2 138 138 138 138 138 138 138 136 132 128 123 …………
3 138 138 138 138 138 138 138 136 132 128 123 …………
4 138 138 138 138 138 138 138 136 132 128 123 …………
5 138 138 138 138 138 138 138 136 132 128 123 101 83.8 67.1 51.0
6 138 138 138 138 138 138 138 138 138 135 123 101 83.8 67.0 51.0
7 138 138 138 138 138 138 138 138 138 135 123 101 83.8 67.0 51.0
8 138 138 138 138 138 138 138 138 138 135 123 101 83.7 67.6 45.5
9 117 117 117 117 117 117 117 117 117 115 104 86.1 71.3 56.9 43.4
10 138 138 138 138 138 138 138 138 138 135 123 101 83.8 67.0 51.0
11 138 138 138 138 138 138 138 138 138 135 123 101 83.8 67.0 51.0
12 138 138 138 138 138 138 138 138 138 135 123 101 83.8 67.0 …
13 138 138 138 138 138 138 138 138 138 135 123 …………
14 138 138 137 133 129 125 123 123 123 123 123 …………
15 138 138 138 137 136 135 131 126 123 121 118 …………
16 138 138 138 138 138 138 138 138 138 135 123 101 83.8 67.0 …
17 117 117 117 117 117 117 117 117 117 115 104 86.1 71.3 56.9 43.4
18 138 138 138 138 138 138 138 138 138 135 123 101 83.8 67.0 51.0
19 138 138 138 138 138 138 138 138 138 135 123 …………
20 138 138 138 138 138 138 138 138 138 137 123 101 83.8 67.1 50.8
21 138 138 138 138 138 138 138 138 138 137 123 …………
22 138 138 138 137 136 134 134 134 134 133 125 …………
23 138 138 138 137 136 134 134 134 134 133 ……………
24 138 138 138 137 136 134 134 134 134 133 125 …………
25 138 138 138 137 136 134 134 134 134 133 125 …………
26 138 138 138 137 136 134 134 134 134 133 125 …………
27 138 138 138 137 136 134 134 134 134 133 125 …………
28 138 138 138 138 138 138 138 138 138 138 ……………
29 138 138 138 138 138 138 138 138 138 138 ……………
30 138 138 138 138 138 138 138 138 138 138 ……………
31 138 138 138 138 138 138 138 138 138 138 ……………
32 138 138 138 138 138 138 138 138 138 138 ……………
33 140 140 140 140 140 140 140 140 140 136 132 101 83.9 67.0 51.1
34 140 140 140 140 140 140 140 140 140 140 136 101 83.9 67.0 51.1
35 140 140 140 140 140 140 140 140 140 140 123 101 83.8 67.1 …
36 140 140 140 140 140 140 140 140 140 140 123 101 83.8 67.1 51.0
37 140 140 140 140 140 140 140 140 140 140 123 101 83.8 67.1 …
38 143 143 143 143 143 143 143 143 143 143 123 101 83.8 67.1 …
39 144 144 144 144 144 144 140 133 129 125 ……………
40 146 146 146 146 146 146 146 146 143 139 134 101 83.9 67.0 51.1
41 146 146 146 146 146 146 146 146 146 146 123 101 83.8 67.1 …
42 146 146 146 146 146 146 146 146 146 146 123 101 83.8 67.1 51.0
43 148 148 148 148 148 148 142 135 131 127 122 107 88.3 67.5 50.9
44 148 148 148 148 148 148 143 136 132 129 ……………
45 148 148 148 148 148 148 148 143 139 135 130 107 88.1 67.5 50.8