40 65 100 125 150 200 250 300 325 350 375 400 425 450 475
1 197 196 195 191 185 180 176 174 173 171 170 169 167 165 163
2 197 196 195 191 185 180 176 174 173 171 170 169 167 165 …
3 168 167 165 162 158 153 149 147 146 144 142 140 138 137 135
4 197 196 195 191 185 180 176 174 173 171 170 169 167 165 …
5 197 196 195 191 185 180 176 174 172 169 167 165 162 161 159
6 168 167 165 162 158 153 149 147 146 144 142 140 138 137 135
7 197 196 195 191 185 180 176 174 173 171 170 169 167 165 …
8 197 196 195 191 185 180 176 174 173 171 170 169 167 165 163
9 197 196 195 191 185 180 176 174 173 171 170 169 167 165 163
10 197 196 195 191 185 180 176 174 173 171 170 169 167 165 …
11 197 196 195 191 185 180 176 174 173 171 170 169 167 165 …
12 172 169 164 159 155 150 147 145 144 ………………
13 172 169 164 159 155 150 147 145 144 ………………
14 145 144 140 135 132 128 125 124 123 ………………
15 172 169 164 159 155 150 147 145 144 ………………
16 145 144 140 135 132 128 125 124 123 ………………
17 197 194 189 184 178 173 170 168 167 ………………
18 168 165 160 156 152 147 145 143 142 ………………
19 138 138 138 138 138 138 135 131 129 127 125 124 122 121 119
20 138 138 138 138 138 138 135 131 129 127 125 124 122 121 119
21 138 129 120 115 111 105 100 96.7 95.4 94.1 92.9 91.6 90.4 89.2 87.9
22 138 138 138 138 138 138 135 131 129 127 125 124 122 121 119
23 138 129 120 115 111 105 100 96.7 95.4 94.1 92.9 91.6 90.4 89.2 87.9
24 117 117 117 117 117 117 115 111 109 108 107 105 104 102 101
25 117 110 101 97.5 94.3 88.7 84.7 82.1 80.8 79.8 79.1 77.9 77.3 76.1 74.8
26 138 138 138 138 138 138 135 131 129 127 125 124 122 121 119
27 138 129 120 115 111 105 100 96.7 95.4 94.1 92.9 91.6 90.4 89.2 87.9
28 138 138 138 138 138 138 135 131 129 127 125 124 122 121 119
29 138 129 120 115 111 105 100 96.7 95.4 94.1 92.9 91.6 90.4 89.2 87.9
30 117 117 117 117 117 117 115 111 109 108 107 105 104 102 101
31 117 110 101 97.5 94.3 88.7 84.7 82.1 80.8 79.8 79.1 77.9 77.3 76.1 74.8
32 138 138 138 138 138 138 135 131 129 127 125 124 122 121 …
33 138 138 138 138 138 138 135 131 129 127 125 124 122 121 119
34 138 129 120 115 111 105 100 96.7 95.4 94.1 92.9 91.6 90.4 89.2 87.9
35 117 117 117 117 117 117 115 111 109 108 107 105 104 102 101
36 117 110 101 97.5 94.3 88.7 84.7 82.1 80.8 79.8 79.1 77.9 77.3 76.1 74.8
37 117 117 117 117 117 117 115 111 109 108 107 105 104 102 101
38 117 110 101 97.5 94.3 88.7 84.7 82.1 80.8 79.8 79.1 77.9 77.3 76.1 74.8
39 138 138 138 138 138 138 135 131 129 127 125 124 122 121 119
40 138 129 119 114 111 105 100 96.7 95.4 94.1 92.9 91.6 90.4 89.2 87.9
41 138 138 138 138 138 138 135 131 129 127 125 124 122 121 119
42 138 129 119 114 111 105 100 96.7 95.4 94.1 92.9 91.6 90.4 89.2 87.9
43 138 138 138 138 138 138 135 131 129 127 125 124 122 121 …
44 117 117 117 117 117 117 115 111 109 108 107 105 104 102 101
45 117 110 101 97.5 94.3 88.7 84.7 82.1 80.8 79.8 79.1 77.9 77.3 76.1 74.8