40 65 100 125 150 200 250 300 325 350 375 400 425 450 475 500
1 138 138 138 138 138 134 126 119 116 114 112 111 110 108 ……
2 138 138 138 138 138 134 126 119 116 114 112 111 110 108 ……
3 138 138 138 138 138 134 126 119 116 114 112 111 110 108 ……
4 147 147 147 147 147 140 131 125 122 121 119 116 114 113 110 108
5 147 147 147 147 147 142 133 127 124 122 120 118 117 115 114 113
6 138 138 138 138 138 131 122 116 113 110 107 105 102 99.7 ……
7 138 138 138 138 138 131 122 116 113 110 107 105 102 99.7 ……
8 138 138 138 138 138 131 122 116 113 110 107 105 102 99.7 ……
9 138 138 138 138 138 131 122 116 113 110 107 105 102 99.7 ……
10 138 138 138 138 138 131 122 116 113 110 107 105 102 99.7 ……
11 138 138 138 138 138 131 122 116 113 110 107 105 102 99.7 ……
12 138 138 138 138 138 131 122 116 113 110 107 105 102 99.7 ……
13 138 138 138 138 138 131 122 116 113 110 107 105 102 99.7 ……
14 138 138 138 138 138 131 122 116 113 110 107 105 102 99.7 ……
15 138 138 138 138 138 131 122 116 113 110 107 105 102 99.7 ……
16 138 138 138 138 138 131 122 116 113 110 107 105 102 99.7 ……
17 138 138 138 138 138 131 122 116 113 110 107 105 102 99.7 ……
18 138 138 138 138 138 131 122 116 113 110 107 105 102 99.7 ……
19 138 138 138 138 138 131 122 116 113 110 107 105 102 99.7 ……
20 138 138 138 138 138 131 122 116 113 110 107 105 102 99.7 ……
21 138 138 138 138 138 131 122 116 113 110 107 105 102 99.7 ……
22 138 138 138 138 138 131 122 116 113 110 107 105 102 99.7 ……
23 161 161 161 161 161 161 155 147 144 140 137 135 133 130 ……
24 161 161 161 161 161 161 155 147 144 140 137 135 133 130 ……
25 161 161 161 161 161 161 155 147 144 140 137 135 133 130 ……
26 137 137 137 137 137 137 132 125 122 119 117 115 113 110 ……
27 161 161 161 161 161 161 155 147 144 140 137 135 133 130 ……
28 161 161 161 161 161 161 155 147 144 140 137 135 133 130 ……
29 137 137 137 137 137 137 132 125 122 119 117 115 113 110 ……
30 161 161 161 161 161 161 155 147 144 140 137 135 133 130 ……
31 161 161 161 161 161 161 155 147 144 140 137 135 133 130 ……
32 161 161 161 161 161 161 155 147 144 140 137 135 133 130 ……
33 161 161 161 161 161 161 155 147 144 140 137 135 133 130 ……
34 161 161 161 161 161 161 155 147 144 140 137 135 133 130 ……
35 137 137 137 137 137 137 132 125 122 119 117 115 113 110 ……
36 161 161 161 161 161 161 155 147 144 140 137 135 133 130 ……
37 137 137 137 137 137 137 132 125 122 119 117 115 113 110 ……
38 137 137 137 137 137 137 132 125 122 119 117 115 113 110 ……
39 161 161 161 161 161 161 155 147 144 140 137 135 133 130 ……
40 161 161 161 161 161 161 155 147 144 140 137 135 133 130 ……
41 161 161 161 161 161 161 155 147 144 140 137 135 133 130 ……
42 161 161 161 161 161 161 155 147 144 140 137 135 133 130 ……
43 161 161 161 161 161 161 155 147 144 140 137 135 133 130 ……
44 187 187 187 187 182 174 166 157 152 149 145 142 139 136 ……
45 187 187 187 187 182 174 166 157 152 149 145 142 139 136 ……