40 65 100 125 150 200 250 300 325 350 375 400 425 450 475
1 138 138 138 135 132 129 129 127 125 123 121 119 117 115 114
2 138 131 123 118 114 106 99.7 94.5 92.3 90.7 89.4 87.5 86.9 85.7 85.0
3 138 138 138 135 132 129 129 127 125 123 121 119 117 115 114
4 138 131 123 118 114 106 99.7 94.5 92.3 90.7 89.4 87.5 86.9 85.7 85.0
5 138 138 138 135 132 129 129 127 125 123 121 119 117 115 114
6 138 131 123 118 114 106 99.7 94.5 92.3 90.7 89.4 87.5 86.9 85.7 85.0
7 138 131 123 118 114 106 99.7 94.5 92.3 90.7 89.4 87.5 86.9 85.7 85.0
8 138 138 138 135 132 129 129 127 125 123 121 119 117 115 114
9 117 117 117 114 112 110 110 108 106 104 102 101 99.4 98.1 97.4
10 117 111 104 101 97.1 90.2 85.0 80.6 78.5 76.9 75.6 74.4 73.8 72.6 71.8
11 138 138 138 135 132 129 129 127 125 123 121 119 117 115 114
12 138 131 123 118 114 106 99.7 94.5 92.3 90.7 89.4 87.5 86.9 85.7 85.0
13 138 138 138 135 132 129 129 127 125 123 121 119 117 115 114
14 138 131 123 118 114 106 99.7 94.5 92.3 90.7 89.4 87.5 86.9 85.7 85.0
15 138 138 138 135 132 129 129 127 125 123 121 119 117 115 114
16 138 131 123 118 114 106 99.7 94.5 92.3 90.7 89.4 87.5 86.9 85.7 85.0
17 138 138 138 135 132 129 129 127 125 123 121 119 117 115 114
18 138 131 123 118 114 106 99.7 94.5 92.3 90.7 89.4 87.5 86.9 85.7 85.0
19 138 138 138 135 132 129 129 127 125 123 121 119 117 115 114
20 138 138 138 136 134 133 125 119 116 114 112 111 110 108 107
21 138 128 117 111 107 98.5 92.7 88.2 86.1 84.4 83.2 82.0 81.1 80.2 79.5
22 138 138 138 136 134 133 125 119 116 114 112 111 110 108 …
23 138 138 138 136 134 133 125 119 116 114 112 111 110 108 107
24 138 128 117 111 107 98.5 92.7 88.2 86.1 84.4 83.2 82.0 81.1 80.2 79.5
25 138 138 138 136 134 133 125 119 116 114 112 111 110 108 …
26 138 138 138 135 132 129 129 127 125 123 120 119 117 115 …
27 138 138 138 135 132 129 129 127 125 123 120 119 117 115 …
28 138 138 138 135 132 129 129 127 125 123 121 119 117 115 114
29 138 138 137 134 130 126 122 116 114 111 109 107 105 103 …
30 115 115 115 115 115 109 103 98.0 95.7 94.1 92.8 90.9 89.0 87.8 86.6
31 115 106 96.3 91.3 87.4 81.2 76.0 72.5 71.2 70.0 68.8 67.5 66.3 65.0 63.8
32 115 115 115 115 115 109 103 98.0 95.7 94.1 92.8 90.9 89.0 87.8 86.6
33 115 106 96.3 91.3 87.4 81.2 76.0 72.5 71.2 70.0 68.8 67.5 66.3 65.0 63.8
34 138 138 138 138 138 134 126 119 116 114 112 111 110 108 108
35 138 128 118 112 107 99.2 92.8 88.1 86.1 84.1 82.9 82.0 81.4 80.6 79.8
36 138 138 138 138 138 134 126 119 116 114 112 111 110 108 108
37 138 128 118 112 107 99.2 92.8 88.1 86.1 84.1 82.9 82.0 81.4 80.6 79.8
38 138 138 138 137 135 131 123 118 116 113 111 109 107 105 103
39 138 127 115 109 105 97.1 91.2 87.3 85.4 83.8 82.5 80.6 79.4 78.1 76.9
40 138 138 138 138 138 134 126 119 116 114 112 111 110 108 …
41 117 117 117 117 117 114 107 101 99.0 96.8 95.7 94.4 93.1 92.5 91.4
42 117 109 99.8 94.9 90.8 84.0 78.8 74.7 73.3 72.1 70.8 69.6 69.0 68.4 67.7
43 117 117 117 116 115 111 105 99.9 97.9 96.0 94.2 93.0 91.1 89.3 87.4
44 117 108 98.3 93.0 88.8 82.5 78.0 74.1 72.6 71.4 70.1 68.9 67.7 66.4 65.2
45 138 138 138 138 138 134 126 119 116 114 112 111 110 108 108