40 65 100 125 150 200 250 300 325 350 375 400 425 450 475
1 227 227 227 227 227 227 227 227 227 226 ……………
2 227 227 227 227 227 227 227 227 227 226 ……………
3 108 108 108 108 108 108 108 108 108 108 108 106 103 100 97.1
4 108 108 108 108 108 108 108 108 108 108 108 106 103 100 97.1
5 108 108 108 108 108 108 108 108 108 108 108 108 108 106 103
6 108 108 108 108 108 108 108 108 108 108 108 …………
7 108 108 108 108 108 …………………………
8 118 118 118 118 118 118 117 114 112 110 108 106 103 100 97.1
9 100 100 100 100 100 100 99.6 96.7 95.5 93.8 91.5 90.2 87.7 85.3 82.4
10 118 118 118 118 118 118 117 114 112 110 108 106 103 100 97.1
11 118 118 118 118 118 118 117 114 112 110 108 …………
12 138 138 138 138 138 138 138 138 138 138 138 138 137 134 130
13 138 138 138 138 138 138 138 138 138 138 138 138 138 135 130
14 138 138 138 138 138 138 138 138 138 138 138 …………
15 118 118 118 118 118 118 118 118 118 118 118 …………
16 101 101 101 101 101 101 101 101 101 101 101 …………
17 118 118 118 118 118 118 118 118 118 118 118 …………
18 167 167 167 167 167 167 167 167 167 ………………
19 167 167 167 167 167 167 167 167 167 ………………
20 167 167 167 167 167 167 167 167 167 ………………
21 207 207 207 207 207 207 207 207 207 205 ……………
22 207 207 207 207 207 207 207 207 207 ………………
23 207 207 207 207 207 207 207 207 207 205 ……………
24 236 236 236 236 236 236 236 236 236 235 ……………
25 236 236 236 236 236 236 236 236 236 235 ……………
26 236 236 236 236 236 236 236 236 236 235 ……………
27 265 260 254 254 253 252 249 248 245 234 ……………
28 108 107 106 105 104 104 104 104 104 104 104 104 104 104 102
29 108 107 106 105 104 104 104 104 104 104 104 …………
30 118 117 116 115 114 112 109 106 104 103 102 …………
31 118 118 115 114 114 114 114 113 112 110 109 107 106 103 101
32 118 117 116 114 114 114 114 113 112 110 109 107 106 103 101
33 118 117 116 114 114 114 114 113 112 110 109 107 106 103 101
34 100 100 98.2 97.0 96.5 96.5 96.5 95.8 94.7 93.4 92.2 91.0 89.7 87.9 85.7
35 118 118 115 114 114 114 114 113 112 110 109 107 106 103 101
36 118 117 116 114 114 114 114 113 112 110 109 107 106 103 101
37 118 117 116 114 114 114 114 113 112 110 109 107 106 103 101
38 120 120 118 116 115 114 114 114 114 114 114 114 114 113 110
39 120 120 117 116 116 116 115 115 115 115 115 115 115 115 112
40 123 123 120 119 118 118 118 118 118 118 118 118 118 118 116
41 126 126 123 122 121 121 118 115 114 112 111 109 107 105 103
42 126 126 124 122 121 120 120 120 120 120 120 120 120 120 117
43 126 126 123 122 121 121 121 121 121 121 121 121 121 120 119
44 126 126 124 122 121 120 120 120 120 120 120 120 120 120 117
45 126 126 126 126 126 126 126 126 126 126 126 126 126 123 118