40 65 100 125 150 200 250 300 325 350 375 400 425 450 475 500
1 138 138 138 138 138 134 129 127 127 126 126 126 126 126 ……
2 138 138 138 138 138 134 129 127 127 126 126 126 126 126 ……
3 138 138 138 138 138 134 129 127 127 126 126 126 126 126 ……
4 138 138 138 138 138 134 129 127 127 126 126 126 126 126 ……
5 138 138 138 138 138 134 129 127 127 126 126 126 126 126 ……
6 138 138 138 138 138 134 129 127 127 126 126 126 126 126 ……
7 138 138 138 138 138 134 129 127 127 126 126 126 126 126 ……
8 138 138 138 138 138 138 138 135 132 130 129 128 126 125 ……
9 138 138 138 138 138 138 138 135 132 130 129 128 126 125 ……
10 138 138 138 138 138 138 138 135 132 130 129 128 126 125 ……
11 138 138 138 138 138 138 138 135 132 130 129 128 126 125 ……
12 117 117 117 117 117 117 117 115 112 111 109 108 108 107 ……
13 138 138 138 138 138 138 138 135 132 130 129 128 126 125 ……
14 138 138 138 138 138 138 138 135 132 130 129 128 126 125 ……
15 117 117 117 117 117 117 117 115 112 111 109 108 108 107 ……
16 138 138 138 138 138 138 138 135 132 130 129 128 126 125 ……
17 138 138 138 138 138 138 138 135 132 130 129 128 126 125 ……
18 138 138 138 138 138 138 138 135 132 130 129 128 126 125 ……
19 138 138 138 138 138 138 138 135 132 130 129 128 126 125 ……
20 138 138 138 138 138 138 138 135 132 130 129 128 126 125 ……
21 117 117 117 117 117 117 117 115 112 111 109 108 108 107 ……
22 138 138 138 138 138 138 138 135 132 130 129 128 126 125 ……
23 138 138 138 138 138 138 138 135 132 130 129 128 126 125 ……
24 117 117 117 117 117 117 117 115 112 111 109 108 108 107 ……
25 117 117 117 117 117 117 117 115 112 111 109 108 108 107 ……
26 138 138 138 138 138 138 138 135 132 130 129 128 126 125 ……
27 138 138 138 138 138 138 138 135 132 130 129 128 126 125 ……
28 138 138 138 138 138 138 138 135 132 130 129 128 126 125 ……
29 138 138 138 138 138 138 138 135 132 130 129 128 126 125 ……
30 138 138 138 138 138 138 138 135 132 130 129 128 126 125 ……
31 138 138 138 138 138 138 138 135 132 130 129 128 126 125 ……
32 138 138 138 138 138 138 138 135 132 130 129 128 126 125 ……
33 117 117 117 117 117 117 117 115 112 111 109 108 108 107 ……
34 138 138 138 138 138 138 138 135 132 130 129 128 126 125 ……
35 138 138 138 138 138 138 138 135 132 130 129 128 126 125 ……
36 117 117 117 117 117 117 117 115 112 111 109 108 108 107 ……
37 138 138 138 138 138 138 138 135 132 130 129 128 126 125 ……
38 138 138 138 138 138 138 138 135 132 130 129 128 126 125 ……
39 117 117 117 117 117 117 117 115 112 111 109 108 108 107 ……
40 138 138 138 138 138 138 138 135 132 130 129 128 126 125 ……
41 138 138 138 138 138 138 138 135 132 130 129 128 126 125 ……
42 117 117 117 117 117 117 117 115 112 111 109 108 108 107 ……
43 117 117 117 117 117 117 117 115 112 111 109 108 108 107 ……
44 138 138 138 138 138 138 138 135 132 130 129 128 126 125 ……
45 138 138 138 138 138 138 138 135 132 130 129 128 126 125 ……