40 65 100 125 150 200 250 300 325 350 375 400 425 450 475
1 129 129 128 126 125 124 123 123 122 121 120 118 116 113 109
2 129 129 129 128 126 124 124 123 123 122 121 119 116 113 109
3 131 131 131 129 128 127 126 125 125 124 123 121 119 116 112
4 134 134 134 132 131 129 129 128 127 127 125 123 121 118 114
5 137 137 137 137 135 133 132 132 132 131 129 126 123 119 113
6 137 137 137 137 135 133 132 132 132 131 129 126 123 119 113
7 137 137 137 135 133 132 132 131 130 129 128 126 124 121 117
8 138 138 138 137 136 134 133 133 132 131 129 127 124 119 113
9 138 138 138 137 136 134 133 133 132 131 129 …………
10 148 148 147 146 144 142 141 141 140 139 138 136 133 130 116
11 148 148 147 146 144 142 141 141 140 139 138 136 133 130 116
12 148 148 147 146 144 142 141 141 140 139 138 136 133 130 116
13 148 148 147 146 144 142 141 141 140 139 138 …………
14 148 148 147 146 144 142 141 141 140 139 138 136 133 130 116
15 149 149 149 148 146 143 143 142 142 141 139 137 135 131 116
16 168 168 167 165 163 162 162 161 160 160 157 154 150 145 120
17 168 168 168 168 168 168 165 161 160 159 158 156 151 142 133
18 168 168 168 168 168 168 165 161 160 159 158 156 151 142 133
19 168 168 168 168 168 168 165 161 160 159 158 156 151 142 133
20 168 168 168 168 168 168 168 165 162 159 157 153 149 145 141
21 168 168 168 168 168 168 168 165 162 159 157 153 149 145 141
22 168 168 168 168 168 168 168 165 162 159 157 153 149 145 141
23 168 168 168 168 168 168 168 165 162 159 157 153 149 145 141
24 168 168 168 168 168 168 168 165 162 159 157 153 149 145 141
25 118 118 118 116 114 114 114 114 114 114 114 114 114 113 90.5
26 118 118 118 116 114 114 114 114 114 114 114 114 114 113 90.5
27 118 118 118 116 114 114 114 114 114 114 114 114 114 113 90.5
28 118 118 118 116 114 114 114 114 114 114 114 114 114 113 90.5
29 118 118 118 116 114 114 114 114 114 114 114 114 114 113 90.5
30 118 118 118 116 114 114 114 114 114 114 114 …………
31 148 148 147 146 144 142 141 141 140 139 138 136 133 127 100
32 148 148 147 146 144 142 141 141 140 139 138 136 133 127 100
33 148 148 147 146 144 142 141 141 140 139 138 136 133 127 100
34 168 168 167 164 161 156 154 151 150 149 147 145 144 141 139
35 168 168 167 164 161 156 154 151 150 149 147 145 144 141 139
36 168 168 167 164 161 156 154 151 150 149 147 145 144 141 139
37 168 168 167 164 161 156 154 151 150 149 147 145 144 141 139
38 168 168 167 164 161 156 154 151 150 149 147 145 144 141 139
39 168 168 167 164 161 156 154 151 150 149 147 145 144 141 139
40 168 168 167 164 161 156 154 151 150 149 147 145 144 141 139
41 168 168 167 164 161 156 154 151 150 149 147 145 144 141 139
42 168 168 167 164 161 156 154 151 150 149 147 145 144 141 139
43 168 168 167 164 161 156 154 151 150 149 147 145 144 141 139
44 168 168 167 164 161 156 154 151 150 149 147 145 144 141 139
45 168 168 167 164 161 156 154 151 150 149 147 145 144 141 139