40 65 100 125 150 200 250 300 325 350 375 400 425 450 475
1 78.6 78.6 78.6 78.6 78.6 78.6 76.0 71.6 69.6 67.8 ……………
2 78.6 78.6 78.6 78.6 78.6 78.6 76.0 71.6 69.6 67.8 ……………
3 88.9 88.9 88.9 88.9 88.9 88.4 85.0 80.7 78.4 75.8 73.5 71.5 64.0 56.1 44.5
4 88.9 88.9 88.9 88.9 88.9 …………………………
5 ………………………………………
6 88.9 88.9 88.9 88.9 88.9 88.9 88.9 86.3 83.8 81.4 78.8 73.4 64.0 56.1 44.5
7 88.9 88.9 88.9 88.9 88.9 88.9 88.9 86.3 83.8 81.4 78.8 …………
8 88.9 88.9 88.9 88.9 88.9 88.9 88.9 88.5 87.5 84.8 81.2 73.4 64.0 56.1 44.5
9 92.4 92.4 92.4 92.4 92.4 92.4 92.4 91.9 90.7 87.8 84.3 73.3 63.9 56.2 44.5
10 78.6 78.6 78.6 78.6 78.6 78.6 78.6 78.1 77.1 74.7 71.4 62.3 54.2 47.6 37.7
11 92.4 92.4 92.4 92.4 92.4 92.4 92.4 91.9 90.7 87.8 84.3 73.3 63.9 56.2 44.5
12 92.4 92.4 92.4 92.4 92.4 92.4 92.4 91.9 90.7 87.8 84.3 73.3 63.9 56.2 44.5
13 78.6 78.6 78.6 78.6 78.6 78.6 78.6 78.1 77.1 74.7 71.4 62.3 54.2 47.6 37.7
14 92.4 92.4 92.4 92.4 92.4 92.4 92.4 91.9 90.7 87.8 84.3 73.3 63.9 56.2 44.5
15 78.6 78.6 78.6 78.6 78.6 78.6 78.6 78.1 77.1 74.7 71.4 62.3 54.2 47.6 37.7
16 80.7 80.7 80.7 80.7 80.7 80.7 80.7 80.7 80.7 79.8 71.6 62.3 53.7 43.9 32.9
17 94.5 94.5 94.5 94.5 94.5 94.5 94.5 94.5 94.5 93.5 84.5 73.3 62.8 51.2 38.3
18 80.7 80.7 80.7 80.7 80.7 80.7 80.7 80.7 80.7 79.8 71.6 62.4 54.9 47.5 40.1
19 56.5 56.5 56.5 56.5 56.5 56.5 56.5 56.5 56.5 56.0 50.7 43.8 ………
20 94.5 94.5 94.5 94.5 94.5 94.5 94.5 94.5 94.5 93.5 84.5 73.3 62.8 51.2 38.3
21 94.5 94.5 94.5 94.5 94.5 94.5 94.5 94.5 94.5 93.6 84.4 73.3 64.7 56.0 47.6
22 94.5 94.5 94.5 94.5 94.5 94.5 94.5 94.5 94.5 93.6 84.4 73.3 64.7 56.0 47.6
23 80.7 80.7 80.7 80.7 80.7 80.7 80.7 80.7 80.7 79.8 71.6 62.4 54.9 47.5 40.1
24 94.5 94.5 94.5 94.5 94.5 94.5 94.5 94.5 94.5 93.5 84.5 73.3 62.8 51.2 38.3
25 94.5 94.5 94.5 94.5 94.5 …………………………
26 80.7 80.7 80.7 80.7 80.7 80.7 80.7 80.7 80.7 79.8 71.6 62.4 54.9 47.5 40.1
27 98.6 98.6 98.6 98.6 98.6 98.1 94.7 89.8 87.3 84.9 ……………
28 98.6 98.6 98.6 98.6 98.6 98.1 94.7 89.8 87.3 84.9 81.2 73.4 64.7 56.0 47.3
29 98.6 98.6 98.6 98.6 98.6 …………………………
30 ………………………………………
31 98.6 98.6 98.6 98.6 98.6 98.6 98.6 96.6 94.1 90.7 85.0 75.4 65.6 52.8 38.6
32 98.6 98.6 98.6 98.6 98.6 98.6 98.6 96.6 94.1 90.6 85.1 76.8 66.8 57.8 44.9
33 98.6 98.6 98.6 98.6 98.6 98.6 98.6 96.6 94.1 90.6 85.1 …………
34 98.6 98.6 98.6 98.6 98.6 98.6 98.6 98.6 98.6 96.9 84.5 76.8 66.8 57.7 44.9
35 100 100 100 100 100 100 ………………………
36 103 103 103 103 103 103 103 103 103 96.8 85.0 …………
37 103 103 103 103 103 103 103 103 103 103 102 89.1 75.4 62.6 45.5
38 103 103 103 103 103 103 ………………………
39 103 103 103 103 103 103 103 103 103 103 102 89.1 75.4 62.6 45.5
40 103 103 103 103 103 103 103 103 103 103 102 89.1 75.4 62.6 45.5
41 104 104 104 104 104 104 104 104 104 104 ……………
42 105 105 105 105 105 105 ………………………
43 108 108 108 108 108 108 108 108 108 108 ……………
44 108 108 108 108 108 108 108 108 108 108 ……………
45 108 108 108 108 108 108 104 98.8 96.1 92.9 89.9 87.3 75.4 62.5 46.0