40 65 100 125 150 200 250 300 325 350 375 400 425 450 475 500
1 213 211 209 203 197 190 184 181 179 178 177 175 174 172 ……
2 253 252 251 244 237 230 227 226 ……………… … …
3 230 230 229 224 218 212 210 210 210 …………… … …
4 129 129 129 128 127 124 122 119 117 114 112 110 106 103 ……
5 129 129 129 128 127 124 122 119 117 114 112 110 106 103 ……
6 138 138 138 138 137 134 131 128 125 123 120 117 114 111 ……
7 138 138 138 138 137 134 131 128 125 123 120 117 114 111 ……
8 129 129 129 128 127 124 122 119 117 114 112 110 106 103 ……
9 129 129 129 128 127 124 122 119 117 114 112 110 106 103 ……
10 138 138 138 138 138 138 134 129 127 125 123 122 120 118 ……
11 138 138 138 138 138 138 134 129 127 125 123 122 120 118 ……
12 138 138 138 138 138 138 134 129 127 125 123 122 120 118 ……
13 138 138 138 138 138 138 134 129 127 125 123 122 120 118 ……
14 117 117 117 117 117 117 114 109 108 106 105 103 102 101 ……
15 138 138 138 138 138 138 134 129 127 125 123 122 120 118 ……
16 117 117 117 117 117 117 114 109 108 106 105 103 102 101 ……
17 138 138 138 138 138 138 134 129 127 125 123 122 120 118 ……
18 138 138 138 138 138 138 134 129 127 125 123 122 120 118 ……
19 138 138 138 138 138 138 134 129 127 125 123 122 120 118 ……
20 138 138 138 138 138 138 134 129 127 125 123 122 120 118 ……
21 117 117 117 117 117 117 114 109 108 106 105 103 102 101 ……
22 138 138 138 138 138 138 134 129 127 125 123 122 120 118 ……
23 138 138 138 138 138 138 134 129 127 125 123 122 120 118 ……
24 117 117 117 117 117 117 114 109 108 106 105 103 102 101 ……
25 117 117 117 117 117 117 114 109 108 106 105 103 102 101 ……
26 117 117 117 117 117 117 114 109 108 106 105 103 102 101 ……
27 117 117 117 117 117 117 114 109 108 106 105 103 102 101 ……
28 138 138 138 138 138 138 134 129 127 125 123 122 120 118 ……
29 138 138 138 138 138 138 134 129 127 125 123 122 120 118 ……
30 117 117 117 117 117 117 114 109 108 106 105 103 102 101 ……
31 138 138 138 138 138 138 134 129 127 125 123 122 120 118 ……
32 117 117 117 117 117 117 114 109 108 106 105 103 102 101 ……
33 117 117 117 117 117 117 114 109 108 106 105 103 102 101 ……
34 117 117 117 117 117 117 114 109 108 106 105 103 102 101 ……
35 117 117 117 117 117 117 114 109 108 106 105 103 102 101 ……
36 117 117 117 117 117 117 114 109 108 106 105 103 102 101 ……
37 170 170 170 170 167 162 157 150 147 144 140 137 134 131 ……
38 170 170 170 169 167 162 158 151 147 144 140 137 134 131 ……
39 145 145 145 144 143 138 134 128 125 122 120 116 114 111 ……
40 145 145 145 144 143 138 134 128 125 122 120 116 114 111 ……
41 161 161 161 161 161 157 149 142 139 …………… … …
42 179 179 179 179 179 174 166 159 155 151 148 145 142 138 ……
43 152 152 152 152 152 148 141 135 132 129 126 123 120 118 ……
44 152 152 152 152 152 148 141 135 132 129 126 123 120 118 ……
45 250 250 249 243 238 231 228 228 228 …………… … …