40 65 100 125 150 200 250 300 325 350 375 400 425 450 475 500
1 184 184 184 184 184 184 184 184 184 184 184 ……… … …
2 207 207 207 207 207 207 207 207 207 207 207 ……… … …
3 207 207 207 207 207 207 207 207 207 207 207 ……… … …
4 184 184 184 184 184 184 184 184 184 184 184 ……… … …
5 207 207 207 207 207 207 207 207 207 207 207 ……… … …
6 161 161 161 161 161 161 159 156 154 152 149 ……… … …
7 161 161 161 161 161 161 159 156 154 152 149 ……… … …
8 241 241 241 241 241 241 241 241 241 240 236 ……… … …
9 264 264 264 264 264 264 264 264 264 263 258 ……… … …
10 145 … … … … ……………………… ……
11 145 … … … … ……………………… ……
12 145 … … … … ……………………… ……
13 145 … … … … ……………………… ……
14 145 … … … … ……………………… ……
15 264 264 264 264 264 264 264 264 263 259 253 ……… … …
16 310 310 310 310 310 310 310 310 309 304 297 ……… … …
17 356 356 356 356 356 356 356 356 355 349 341 ……… … …
18 402 402 402 402 402 402 402 402 401 394 386 ……… … …
19 436 436 436 436 436 436 436 436 435 428 418 ……… … …
20 150 150 150 150 150 ……………………… ……
21 161 161 161 161 161 ……………………… ……
22 161 … … … … ……………………… ……
23 207 207 207 207 207 205 204 202 200 197 ………… … …
24 241 241 241 241 241 239 237 236 233 230 ………… … …
25 264 264 264 264 264 262 260 257 255 252 ………… … …
26 264 264 264 264 264 264 264 264 263 259 253 ……… … …
27 310 310 310 310 310 310 310 310 309 304 297 ……… … …
28 356 356 356 356 356 356 356 356 355 349 341 ……… … …
29 402 402 402 402 402 402 402 402 401 394 386 ……… … …
30 436 436 436 436 436 436 436 436 435 428 418 ……… … …
31 207 207 207 207 207 205 204 202 200 197 ………… … …
32 241 241 241 241 241 239 237 236 233 230 ………… … …
33 264 264 264 264 264 262 260 257 255 252 ………… … …
34 150 … … … … ……………………… ……
35 150 … … … … ……………………… ……
36 150 149 147 145 142 ……………………… ……
37 150 150 150 150 150 ……………………… ……
38 161 160 157 155 152 148 142 133 128 122 116 ……… … …
39 161 … … … … ……………………… ……
40 161 161 161 161 161 ……………………… ……
41 161 161 161 161 161 158 151 ………………… ……
42 161 … … … … ……………………… ……
43 172 … … … … ……………………… ……
44 184 … … … … ……………………… ……
45 207 207 207 207 207 205 204 202 200 197 194 ……… … …