40 65 100 125 150 200 250 300 325 350 375 400 425 450 475
1 138 132 126 122 118 111 105 99.8 97.9 96.1 95.0 94.4 93.8 93.2 92.5
2 138 138 137 134 129 123 119 117 116 116 116 116 116 116 115
3 138 132 126 122 118 111 105 99.8 97.9 96.1 95.0 94.4 93.8 93.2 92.5
4 138 132 126 122 118 111 105 99.8 97.9 96.1 95.0 94.4 93.8 93.2 92.5
5 138 138 137 134 129 123 119 117 116 116 116 116 116 116 115
6 117 117 117 114 110 104 101 98.9 98.6 98.6 98.6 98.6 98.6 98.6 98.1
7 117 112 107 103 101 94.3 89.1 85.3 83.3 81.8 81.2 79.9 79.3 79.3 78.7
8 138 138 137 134 129 123 119 117 116 116 116 116 116 116 115
9 138 132 126 122 118 111 105 99.8 97.9 96.1 95.0 94.4 93.8 93.2 92.5
10 117 117 117 114 110 104 101 98.9 98.6 98.6 98.6 98.6 98.6 98.6 98.1
11 117 112 107 103 101 94.3 89.1 85.3 83.3 81.8 81.2 79.9 79.3 79.3 78.7
12 138 138 137 134 129 123 119 117 116 116 116 116 116 116 …
13 138 138 137 134 129 123 119 117 116 116 116 116 116 116 115
14 138 132 126 122 118 111 105 99.8 97.9 96.1 95.0 94.4 93.8 93.2 92.5
15 138 138 137 134 129 123 119 117 116 116 116 116 116 116 115
16 138 138 137 134 129 123 119 117 116 116 116 116 116 116 …
17 138 138 137 134 129 123 119 117 116 116 116 116 116 116 115
18 138 132 126 122 118 111 105 99.8 97.9 96.1 95.0 94.4 93.8 93.2 92.5
19 138 138 137 134 129 123 119 117 116 116 116 116 116 116 …
20 138 138 137 134 129 123 119 117 116 116 116 116 116 116 …
21 138 138 137 134 129 123 119 117 116 116 116 116 116 116 115
22 138 132 126 122 118 111 105 99.8 97.9 96.1 95.0 94.4 93.8 93.2 92.5
23 138 138 137 134 129 123 119 117 116 116 116 116 116 116 115
24 138 132 126 122 118 111 105 99.8 97.9 96.1 95.0 94.4 93.8 93.2 92.5
25 138 138 137 134 129 123 119 117 116 116 116 116 116 116 …
26 138 138 137 134 129 123 119 117 116 116 116 116 116 116 115
27 138 132 126 122 118 111 105 99.8 97.9 96.1 95.0 94.4 93.8 93.2 92.5
28 117 117 117 114 110 104 101 98.9 98.6 98.6 98.6 98.6 98.6 98.6 98.1
29 117 112 107 103 101 94.3 89.1 85.3 83.3 81.8 81.2 79.9 79.3 79.3 78.7
30 138 138 137 134 129 123 119 117 116 116 116 116 116 116 115
31 138 132 126 122 118 111 105 99.8 97.9 96.1 95.0 94.4 93.8 93.2 92.5
32 117 117 117 114 110 104 101 98.9 98.6 98.6 98.6 98.6 98.6 98.6 98.1
33 117 112 107 103 101 94.3 89.1 85.3 83.3 81.8 81.2 79.9 79.3 79.3 78.7
34 138 138 137 134 129 123 119 117 116 116 116 116 116 116 115
35 138 138 137 134 129 123 119 117 116 116 116 116 116 116 115
36 138 132 126 122 118 111 105 99.8 97.9 96.1 95.0 94.4 93.8 93.2 92.5
37 138 138 137 134 129 123 119 117 116 116 116 116 116 116 …
38 138 138 137 134 129 123 119 117 116 116 116 116 116 116 …
39 138 138 137 134 129 123 119 117 116 116 116 116 116 116 115
40 138 138 138 138 138 138 134 132 131 131 130 130 128 127 125
41 138 129 123 120 116 110 105 102 100 98.5 97.2 96.0 94.9 93.9 92.9
42 115 115 115 115 115 115 112 106 104 102 100 98.5 97.3 96.0 95.4
43 115 109 102 98.7 95.0 88.8 83.0 79.0 77.2 75.5 74.3 73.0 72.5 71.2 70.5
44 115 115 115 115 115 115 112 106 104 102 100 98.5 97.3 96.0 95.4
45 115 109 102 98.7 95.0 88.8 83.0 79.0 77.2 75.5 74.3 73.0 72.5 71.2 70.5