40 65 100 125 150 200 250 300 325 350 375 400 425 450 475
1 158 158 158 158 158 158 158 158 158 158 ……………
2 158 158 158 158 158 158 158 158 158 158 ……………
3 177 177 177 177 177 177 177 177 177 177 ……………
4 177 177 177 177 177 177 177 177 177 177 ……………
5 88.9 84.0 78.3 75.1 73.0 71.7 71.7 71.7 71.7 71.7 ……………
6 108 103 97.6 94.1 91.6 89.7 89.6 89.4 88.5 87.2 ……………
7 129 129 129 129 129 129 129 129 129 129 129 129 129 126 105
8 129 129 129 129 129 129 129 129 129 129 129 129 129 126 105
9 129 129 129 129 129 129 129 129 129 129 129 129 129 126 105
10 108 108 108 108 108 108 108 108 108 108 108 106 103 101 96.1
11 104 104 104 104 104 104 104 104 104 103 101 98.5 96.7 93.6 90.7
12 104 104 104 104 104 104 104 104 104 103 101 98.5 96.7 93.6 90.7
13 88.9 88.9 88.9 88.9 88.9 88.9 88.9 88.9 88.6 87.2 85.9 84.0 82.2 79.7 77.4
14 108 108 108 108 108 108 108 108 108 108 108 106 103 101 96.1
15 108 108 108 108 108 108 108 108 108 108 108 106 103 101 96.1
16 92.4 92.4 92.4 92.4 92.4 92.4 92.4 92.4 92.4 92.4 92.2 90.2 87.7 85.4 81.4
17 108 108 108 108 108 108 108 108 108 108 108 106 103 101 96.1
18 108 108 108 108 108 108 108 108 108 108 108 106 103 101 96.1
19 118 118 118 118 118 118 118 118 118 118 115 113 110 107 100
20 118 118 118 118 118 118 118 118 118 118 115 113 110 107 100
21 101 101 101 101 101 101 101 101 101 100 98.2 95.8 93.9 90.9 84.9
22 128 128 128 128 128 128 128 128 128 128 126 123 120 117 103
23 128 128 128 128 128 128 128 128 128 128 126 …………
24 128 128 128 128 128 128 128 128 128 128 126 …………
25 128 128 128 128 128 128 128 128 128 128 128 128 127 124 105
26 128 128 128 128 128 128 128 128 128 128 128 …………
27 128 128 128 128 128 128 128 128 128 128 128 …………
28 128 128 128 128 128 …………………………
29 138 138 138 138 138 138 138 138 138 138 138 138 137 134 107
30 138 138 138 138 138 138 138 138 138 138 138 138 137 134 107
31 138 138 138 138 138 138 138 138 138 138 138 138 137 134 107
32 138 138 138 138 138 138 138 138 138 138 138 …………
33 138 138 138 138 138 138 138 138 138 138 138 …………
34 138 138 138 138 138 …………………………
35 148 148 148 148 148 148 148 148 148 148 148 148 148 144 109
36 148 148 148 148 148 148 148 148 148 148 148 …………
37 148 148 148 148 148 148 148 148 148 148 148 …………
38 148 148 148 148 148 …………………………
39 167 167 167 167 167 167 167 167 167 ………………
40 167 167 167 167 167 167 167 167 167 ………………
41 207 207 207 207 207 207 207 207 207 ………………
42 207 207 207 207 207 207 207 207 207 ………………
43 236 236 236 ………………………………
44 236 236 236 ………………………………
45 227 227 227 227 227 227 227 227 227 226 ……………