40 65 100 125 150 200 250 300 325 350 375 400 425 450 475
1 227 227 227 227 227 227 227 227 227 226 ……………
2 118 116 113 111 108 106 105 ……………………
3 138 135 132 129 126 123 123 ……………………
4 305 305 305 305 305 305 305 305 302 294 ……………
5 125 ……………………………………
6 125 ……………………………………
7 125 ……………………………………
8 123 ……………………………………
9 105 ……………………………………
10 125 ……………………………………
11 125 ……………………………………
12 125 ……………………………………
13 227 227 227 227 227 227 227 227 226 222 217 …………
14 266 266 266 266 266 266 266 266 265 261 255 …………
15 305 305 305 305 305 305 305 305 305 299 293 …………
16 345 345 345 345 345 345 345 345 343 337 330 …………
17 374 374 374 374 374 374 374 374 373 367 359 …………
18 128 128 128 128 128 128 128 124 119 114 ……………
19 109 109 109 109 109 109 109 105 101 96.7 ……………
20 128 128 128 128 128 128 128 124 119 114 ……………
21 109 109 109 109 109 109 109 105 101 96.7 ……………
22 128 128 128 128 128 128 128 128 126 120 112 95.1 79.6 64.8 49.1
23 138 138 138 138 138 138 138 138 136 129 122 101 83.8 67.3 49.4
24 138 138 138 138 138 138 138 138 136 129 ……………
25 177 177 177 177 177 176 175 173 172 169 ……………
26 207 207 207 207 207 205 204 202 200 197 ……………
27 227 227 227 227 227 224 223 221 219 217 ……………
28 227 227 227 227 227 227 227 227 226 222 217 …………
29 266 266 266 266 266 266 266 266 265 261 255 …………
30 305 305 305 305 305 305 305 305 305 299 293 …………
31 345 345 345 345 345 345 345 345 343 337 330 …………
32 374 374 374 374 374 374 374 374 373 367 359 …………
33 177 177 177 177 177 176 175 173 172 169 ……………
34 207 207 207 207 207 205 204 202 200 197 ……………
35 207 207 207 207 207 205 204 202 200 197 ……………
36 227 227 227 227 227 224 223 221 219 217 ……………
37 236 236 236 236 236 234 233 231 229 226 ……………
38 128 128 128 128 128 128 128 124 119 114 ……………
39 109 109 109 109 109 109 109 105 101 96.7 ……………
40 128 128 128 128 128 128 128 124 119 114 ……………
41 109 109 109 109 109 109 109 105 101 96.7 ……………
42 128 128 128 128 128 128 128 124 119 114 ……………
43 128 128 128 128 128 128 128 128 126 120 112 95.1 79.6 64.8 49.1
44 138 138 138 138 138 138 138 133 128 122 ……………
45 138 138 138 138 138 138 138 133 128 122 ……………