40 65 100 125 150 200 250 300 325 350 375 400 425 450 475
1 108 108 108 108 108 108 104 98.8 96.1 92.9 ……………
2 108 108 108 108 108 …………………………
3 108 108 108 108 108 108 108 107 104 101 ……………
4 108 108 108 108 108 108 108 107 104 101 97.8 89.1 75.4 62.6 45.5
5 108 108 108 108 108 108 108 107 104 101 97.8 …………
6 108 108 108 108 108 108 108 107 104 101 97.8 …………
7 92.4 92.4 92.4 92.4 92.4 92.4 92.4 90.8 88.7 86.2 ……………
8 108 108 108 108 108 108 108 107 104 101 97.8 89.1 75.4 62.6 45.5
9 108 108 108 108 108 108 108 107 104 101 97.8 89.1 75.4 62.6 45.5
10 108 108 108 108 108 108 108 107 104 101 97.8 …………
11 108 108 108 108 108 108 108 107 104 101 97.8 …………
12 108 108 108 108 108 108 108 107 104 101 97.8 …………
13 108 108 108 108 108 108 108 107 104 101 97.8 …………
14 108 108 108 108 108 108 108 107 104 101 97.8 …………
15 108 108 108 108 108 108 108 107 104 101 97.8 …………
16 108 108 108 108 108 108 108 108 108 108 106 88.8 75.2 62.6 45.9
17 111 111 111 111 111 111 ………………………
18 114 114 114 114 114 114 114 114 114 114 105 88.9 75.3 62.6 45.9
19 114 114 114 114 114 114 114 114 114 114 105 …………
20 114 114 114 114 114 114 114 114 114 114 105 …………
21 114 114 114 114 114 114 114 114 114 114 ……………
22 117 117 117 117 117 117 117 117 116 113 ……………
23 117 117 117 117 117 117 117 117 116 113 ……………
24 117 117 117 117 117 117 117 117 116 113 ……………
25 117 117 117 117 117 117 117 117 116 113 ……………
26 117 117 117 117 117 117 117 117 117 117 ……………
27 117 117 117 117 117 117 117 117 117 117 ……………
28 117 117 117 117 117 117 117 117 117 117 ……………
29 117 117 117 117 117 117 117 117 117 117 ……………
30 117 117 117 117 117 117 117 117 117 117 106 …………
31 117 117 117 117 117 117 117 117 117 117 105 88.9 75.3 62.7 45.5
32 117 117 117 117 117 117 117 117 117 117 ……………
33 117 117 117 117 117 117 117 117 117 117 ……………
34 117 117 117 117 117 117 117 117 117 117 ……………
35 117 117 117 117 117 117 117 117 117 117 ……………
36 117 117 117 117 117 117 117 117 117 117 105 88.9 75.3 62.7 45.5
37 117 117 117 117 117 117 117 117 117 117 105 88.9 75.3 62.7 45.5
38 118 118 118 118 118 118 114 107 104 101 97.8 89.1 75.4 62.6 45.5
39 118 118 118 118 118 118 114 107 104 101 97.8 89.1 75.4 62.6 45.5
40 118 118 118 118 118 118 114 107 104 101 97.8 89.1 75.4 62.6 45.5
41 118 118 118 118 118 118 114 107 104 101 97.8 89.1 75.4 62.6 45.5
42 118 118 118 118 118 118 114 107 104 101 97.8 …………
43 118 118 118 118 118 118 114 107 104 101 97.8 89.1 75.4 62.6 45.5
44 118 118 118 118 118 118 114 107 104 101 97.8 89.1 75.4 62.6 45.5
45 118 118 118 118 118 118 114 107 104 101 97.8 89.1 75.4 62.6 45.5