40 65 100 125 150 200 250 300 325 350 375 400 425 450 475 500
1 138 138 138 138 138 138 138 135 132 130 129 128 126 125 ……
2 138 138 138 138 138 138 138 135 132 130 129 128 126 125 ……
3 138 138 138 138 138 138 138 135 132 130 129 128 126 125 ……
4 138 138 138 138 138 138 138 135 132 130 129 128 126 125 ……
5 138 138 138 138 138 138 138 135 132 130 129 128 126 125 ……
6 117 117 117 117 117 117 117 115 112 111 109 108 108 107 ……
7 138 138 138 138 138 138 138 135 132 130 129 128 126 125 ……
8 138 138 138 138 138 138 138 135 132 130 129 128 126 125 ……
9 117 117 117 117 117 117 117 115 112 111 109 108 108 107 ……
10 138 138 138 138 138 138 138 135 132 130 129 128 126 125 ……
11 138 138 138 138 138 138 138 135 132 130 129 128 126 125 ……
12 138 138 138 138 138 138 138 135 132 130 129 128 126 125 ……
13 138 138 138 138 138 138 138 135 132 130 129 128 126 125 ……
14 138 138 138 138 138 138 138 135 132 130 129 128 126 125 ……
15 117 117 117 117 117 117 117 115 112 111 109 108 108 107 ……
16 138 138 138 138 138 138 138 135 132 130 129 128 126 125 ……
17 138 138 138 138 138 138 138 135 132 130 129 128 126 125 ……
18 117 117 117 117 117 117 117 115 112 111 109 108 108 107 ……
19 117 117 117 117 117 117 117 115 112 111 109 108 108 107 ……
20 138 138 138 138 138 138 138 135 132 130 129 128 126 125 ……
21 138 138 138 138 138 138 138 135 132 130 129 128 126 125 ……
22 138 138 138 138 138 138 138 135 132 130 129 128 126 125 ……
23 138 138 138 138 138 138 138 135 132 130 129 128 126 125 ……
24 138 138 138 138 138 138 138 135 132 130 129 128 126 125 ……
25 138 138 138 138 138 138 138 135 132 130 129 128 126 125 ……
26 138 138 138 138 138 138 138 135 132 130 129 128 126 125 ……
27 117 117 117 117 117 117 117 115 112 111 109 108 108 107 ……
28 138 138 138 138 138 138 138 135 132 130 129 128 126 125 ……
29 138 138 138 138 138 138 138 135 132 130 129 128 126 125 ……
30 117 117 117 117 117 117 117 115 112 111 109 108 108 107 ……
31 138 138 138 138 138 138 138 135 132 130 129 128 126 125 ……
32 117 117 117 117 117 117 117 115 112 111 109 108 108 107 ……
33 138 138 138 138 138 138 138 135 132 130 129 128 126 125 ……
34 138 138 138 138 138 138 138 135 132 130 129 128 126 125 ……
35 117 117 117 117 117 117 117 115 112 111 109 108 108 107 ……
36 117 117 117 117 117 117 117 115 112 111 109 108 108 107 ……
37 138 138 138 138 138 138 138 135 132 130 129 128 126 125 ……
38 138 138 138 138 138 138 138 135 132 130 129 128 126 125 ……
39 138 138 138 138 138 138 138 135 132 130 129 128 126 125 ……
40 138 138 138 138 138 138 138 135 132 130 129 128 126 125 ……
41 115 115 115 115 115 115 112 106 104 102 100 98.5 97.3 96.0 ……
42 115 115 115 115 115 115 112 106 104 102 100 98.5 97.3 96.0 ……
43 115 115 115 115 115 115 112 106 104 102 100 98.5 97.3 96.0 ……
44 115 115 115 115 115 115 112 106 104 102 100 98.5 97.3 96.0 ……
45 138 138 138 138 138 138 134 128 125 123 120 119 117 115 ……