40 65 100 125 150 200 250 300 325 350 375 400 425 450 475
1 158 158 158 158 158 158 158 158 158 158 158 158 158 143 106
2 158 158 158 158 158 158 158 158 158 158 158 158 158 154 106
3 177 177 177 177 177 177 177 177 177 177 177 177 177 177 …
4 197 197 197 197 197 197 197 197 197 197 197 …………
5 158 158 158 158 158 158 158 158 158 158 158 …………
6 177 177 177 177 177 177 177 177 177 177 177 177 177 177 …
7 197 197 197 197 197 197 197 197 197 197 197 197 ………
8 158 158 158 158 158 158 158 158 158 158 158 158 158 143 106
9 158 158 158 158 158 158 158 158 158 158 158 158 158 158 …
10 158 158 158 158 158 158 158 158 158 158 158 …………
11 158 158 158 158 158 158 158 158 158 158 158 …………
12 177 177 177 177 177 177 177 177 177 177 177 177 177 177 …
13 177 177 177 177 177 177 177 177 177 177 177 …………
14 197 197 197 197 197 197 197 197 197 197 197 197 ………
15 197 197 197 197 197 197 197 197 197 197 197 …………
16 158 158 158 158 158 158 158 158 158 158 158 158 158 143 106
17 158 158 158 158 158 158 158 158 158 158 158 158 158 158 …
18 158 158 158 158 158 158 158 158 158 158 158 158 158 158 …
19 177 177 177 177 177 177 177 177 177 177 177 177 177 177 …
20 177 177 177 177 177 177 177 177 177 177 177 177 177 177 …
21 197 197 197 197 197 197 197 197 197 197 197 …………
22 207 207 207 207 207 207 207 207 207 207 207 …………
23 168 163 158 155 154 154 154 152 150 147 143 …………
24 168 163 158 156 155 155 155 153 150 148 ……………
25 177 173 169 168 167 166 166 166 164 160 ……………
26 118 118 118 118 118 118 118 117 115 114 112 110 107 96.9 88.8
27 177 177 177 177 177 177 177 177 177 177 ……………
28 207 207 207 207 207 207 207 207 207 207 207 …………
29 227 227 227 227 227 227 227 227 227 227 227 …………
30 158 158 158 158 158 158 158 158 158 158 158 158 158 158 …
31 177 177 177 177 177 177 177 177 177 177 177 …………
32 207 207 207 207 207 207 207 207 207 207 ……………
33 227 227 227 227 227 227 227 227 227 226 ……………
34 227 227 227 227 227 227 227 227 227 226 ……………
35 118 118 118 118 118 118 118 118 118 118 ……………
36 101 101 101 101 101 101 101 101 101 101 ……………
37 158 158 158 158 158 158 158 158 158 158 158 158 158 158 …
38 158 158 158 158 158 158 158 158 158 158 158 158 158 158 …
39 177 177 177 177 177 177 177 177 177 177 177 …………
40 177 177 177 177 177 177 177 177 177 177 177 …………
41 158 158 158 158 158 158 158 158 158 158 158 158 158 158 …
42 177 177 177 177 177 177 177 177 177 177 177 …………
43 138 138 138 138 138 138 138 138 138 138 138 138 138 135 120
44 138 138 138 138 138 138 138 138 138 138 138 138 138 135 113
45 207 207 207 207 207 207 207 207 207 206 202 …………