40 65 100 125 150 200 250 300 325 350 375 400 425 450 475 500
1 138 132 127 124 121 116 112 109 108 106 104 102 99.5 97.0 94.5 92.0
2 138 132 127 124 121 116 112 109 108 106 104 102 99.5 97.0 94.5 92.0
3 138 138 138 138 138 135 131 127 126 123 121 118 116 114 106 97.1
4 138 138 138 138 138 135 131 127 126 123 121 ……… … …
5 161 161 161 161 161 156 151 146 143 141 138 136 133 130 109 80.6
6 161 161 161 161 161 156 151 146 143 141 138 136 133 130 109 80.6
7 163 163 163 163 162 162 162 162 162 162 162 162 160 155 104 73.7
8 167 167 167 166 165 165 165 165 165 165 165 165 163 158 104 73.7
9 170 170 170 169 168 168 168 168 168 168 168 168 166 161 104 73.7
10 172 172 172 172 172 172 169 164 161 158 155 ……… … …
11 172 172 172 172 172 172 169 164 161 158 155 153 149 142 119 91.4
12 172 172 172 172 172 172 169 164 161 158 155 ……… … …
13 241 241 241 241 241 241 241 241 241 241 241 ……… … …
14 264 264 264 264 264 264 264 264 264 264 263 ……… … …
15 241 241 241 241 241 241 241 241 241 241 241 ……… … …
16 264 264 264 264 264 264 264 264 264 264 263 ……… … …
17 138 133 128 126 125 124 123 123 123 123 123 123 122 119 99.6 80.9
18 138 133 128 126 125 124 123 123 123 123 123 ……… … …
19 138 133 128 126 125 124 123 123 123 123 123 123 122 119 101 77.7
20 138 132 128 127 125 124 123 123 123 123 123 123 122 119 101 77.7
21 138 132 128 127 125 124 123 123 123 123 123 ……… … …
22 138 132 128 127 125 124 123 123 123 123 123 123 122 119 101 77.7
23 138 132 128 127 125 124 123 123 123 123 123 123 122 119 101 77.7
24 138 132 128 127 125 124 123 123 123 123 123 123 122 119 101 77.7
25 138 133 128 126 125 124 123 123 123 123 123 123 122 119 101 77.7
26 150 150 150 149 145 141 139 136 135 133 132 130 127 125 123 88.4
27 150 150 150 149 147 145 144 144 143 142 141 139 136 132 128 88.4
28 153 153 153 152 151 147 144 141 140 139 137 135 133 129 126 122.0
29 157 157 156 155 154 151 150 149 149 148 146 144 141 138 128 88.4
30 160 160 160 159 157 154 154 153 152 151 149 147 144 141 128 88.4
31 160 160 160 159 158 155 155 154 153 152 150 148 144 139 128 88.4
32 160 160 160 159 158 155 155 154 153 152 150 148 144 139 128 88.4
33 138 133 128 126 125 124 123 123 123 123 123 ……… … …
34 161 161 161 160 159 156 155 155 154 153 151 148 145 139 118 93.2
35 161 161 161 160 159 156 155 155 154 153 151 ……… … …
36 161 161 161 160 159 156 155 155 154 153 151 ……… … …
37 172 172 172 170 167 166 166 165 164 162 161 158 155 152 128 94.6
38 172 172 172 170 167 166 166 165 164 162 161 158 155 152 128 94.6
39 172 172 172 170 167 166 166 165 164 162 161 158 155 152 128 94.6
40 172 172 172 170 167 166 166 165 164 162 161 ……… … …
41 172 172 172 170 167 166 166 165 164 162 161 158 155 152 128 94.6
42 173 173 173 172 170 167 167 166 165 164 163 160 157 153 116 89.4
43 195 195 195 193 191 189 189 188 187 186 184 ……… … …
44 195 195 195 193 191 189 189 188 187 186 184 180 176 156 133 …
45 195 195 195 193 191 189 189 188 187 186 184 180 176 156 133 …