40 65 100 125 150 200 250 300 325 350 375 400 425 450 475
1 128 128 128 128 128 128 128 125 122 118 114 …………
2 128 128 128 128 128 128 128 125 122 118 114 95.0 79.6 63.2 45.3
3 128 128 128 128 128 128 128 125 122 118 114 95.0 79.6 63.2 45.3
4 128 128 128 128 128 128 128 125 122 118 114 …………
5 128 128 128 128 128 128 128 125 122 118 114 …………
6 128 128 128 128 128 128 128 125 122 118 114 …………
7 128 128 128 128 128 128 128 125 122 118 114 …………
8 128 128 128 128 128 128 128 128 128 127 114 95.1 79.6 63.1 45.7
9 128 128 128 128 128 128 128 128 128 127 114 …………
10 128 128 128 128 128 128 128 128 128 127 114 …………
11 128 128 128 128 128 128 128 128 128 127 114 …………
12 128 128 128 128 128 128 128 128 128 128 ……………
13 128 128 128 128 128 128 128 128 128 128 ……………
14 128 128 128 128 128 128 128 128 128 127 ……………
15 128 128 128 128 128 128 128 128 128 127 ……………
16 128 128 128 128 128 128 128 128 128 127 ……………
17 128 128 128 128 128 128 128 128 128 127 ……………
18 128 128 128 128 128 128 128 128 128 127 ……………
19 131 131 131 131 131 131 131 131 131 129 114 95.1 79.6 63.2 45.3
20 131 131 131 131 131 131 131 131 131 129 114 95.1 79.6 63.2 45.3
21 131 131 131 131 131 131 131 131 128 124 120 101 83.9 67.0 51.1
22 131 131 131 131 131 131 131 131 131 127 112 96.2 79.1 62.1 46.0
23 131 131 131 131 131 131 131 131 131 127 112 96.2 79.1 62.1 46.0
24 131 131 131 131 131 131 131 131 131 131 131 101 83.9 67.0 51.1
25 134 134 134 134 134 134 134 134 134 130 123 101 83.8 67.1 …
26 134 134 134 134 134 134 134 134 134 134 123 101 83.8 67.1 51.0
27 137 137 137 137 137 137 137 137 137 137 123 101 83.8 67.1 …
28 137 137 137 137 137 137 137 137 137 137 123 101 83.8 67.1 51.0
29 138 138 138 138 138 137 132 126 122 119 ……………
30 138 138 138 138 138 137 132 126 122 119 114 101 83.9 67.0 51.1
31 138 138 138 138 138 138 136 129 125 122 117 101 83.9 67.0 51.1
32 138 138 138 138 138 138 136 129 125 122 117 101 83.9 67.0 51.1
33 138 138 138 138 138 138 136 129 125 122 117 101 83.9 67.0 51.1
34 138 138 138 138 138 138 136 129 125 122 117 101 83.9 67.0 51.1
35 138 138 138 138 138 138 136 129 125 122 117 101 83.9 67.0 51.1
36 138 138 138 138 138 138 136 129 125 122 117 101 83.9 67.0 51.1
37 138 138 138 138 138 138 136 129 125 122 117 101 83.9 67.0 51.1
38 138 138 138 138 138 138 136 129 125 122 117 101 83.9 67.0 51.1
39 138 138 138 138 138 138 136 129 125 122 117 101 83.9 67.0 51.1
40 138 138 138 138 138 138 136 129 125 122 117 101 83.9 67.0 51.1
41 138 138 138 138 138 138 136 129 125 122 117 101 83.9 67.0 51.1
42 138 138 138 138 138 138 136 129 125 122 117 101 83.9 67.0 51.1
43 138 138 138 138 138 138 136 129 125 122 117 101 83.9 67.0 51.1
44 138 138 138 138 138 138 138 136 132 128 123 101 83.8 67.1 51.0
45 138 138 138 138 138 138 138 136 132 128 123 101 83.8 67.1 51.0