40 65 100 125 150 200 250 300 325 350 375 400 425 450 475 500
1 264 264 264 264 264 264 264 264 264 263 258 ……… … …
2 264 264 264 264 264 264 264 264 264 263 258 ……… … …
3 126 126 126 125 124 120 117 114 112 110 108 ……… … …
4 126 126 126 125 124 120 117 114 112 110 108 ……… … …
5 126 126 126 126 126 126 126 125 123 121 119 ……… … …
6 126 126 126 126 126 126 126 125 123 121 119 ……… … …
7 138 134 129 126 124 120 117 114 112 110 108 ……… … …
8 138 134 129 126 124 120 117 114 112 110 108 ……… … …
9 161 161 161 161 161 160 156 152 149 147 144 ……… … …
10 161 … … … … ……………………… ……
11 138 138 138 138 138 138 138 138 138 138 138 ……… … …
12 138 … … … … ……………………… ……
13 276 276 276 276 276 276 273 265 259 253 ………… … …
14 276 276 276 276 276 276 273 265 259 253 ………… … …
15 276 276 276 276 276 276 273 265 259 253 ………… … …
16 310 304 297 296 295 293 291 289 286 272 ………… … …
17 126 125 124 122 121 121 119 117 115 113 112 110 108 107 104 102
18 126 125 124 122 121 121 119 117 115 113 112 ……… … …
19 138 131 124 120 117 112 109 106 104 103 102 ……… … …
20 138 136 132 128 125 120 116 113 112 110 109 107 106 103 101 98.2
21 138 136 132 128 125 120 116 113 112 110 109 107 106 103 101 98.2
22 138 136 132 128 125 120 116 113 112 110 109 107 106 103 101 98.2
23 138 136 132 128 125 120 116 113 112 110 109 107 106 103 101 98.2
24 138 136 132 128 125 120 116 113 112 110 109 107 106 103 101 98.2
25 140 139 138 136 134 131 127 123 122 121 119 117 115 113 110 97.2
26 140 139 137 136 136 133 129 125 124 123 121 119 117 115 112 94.4
27 143 142 140 139 139 138 134 131 129 127 125 124 121 119 117 94.4
28 147 145 143 143 142 141 140 136 135 133 131 129 127 124 121 97.2
29 147 147 147 147 147 147 142 138 137 135 133 131 129 126 123 94.4
30 147 145 144 143 141 140 140 140 140 138 136 134 132 129 126 97.2
31 147 145 144 143 141 140 140 140 140 140 140 139 137 133 131 97.2
32 147 145 144 143 141 140 140 140 140 140 140 140 140 138 135 97.2
33 150 150 146 144 143 143 143 141 139 137 136 134 132 129 125 121
34 150 148 147 146 145 144 144 144 144 144 143 141 139 135 133 94.4
35 150 148 147 146 145 144 144 144 144 144 144 144 143 140 137 94.4
36 150 148 146 144 143 143 143 141 139 137 136 ……… … …
37 161 159 158 156 154 150 145 141 139 137 136 134 132 129 125 121
38 161 161 157 156 154 150 145 141 139 137 136 134 132 129 125 121
39 161 161 161 161 161 156 151 146 143 141 138 136 133 130 106 71.4
40 161 161 161 161 161 156 151 146 143 141 138 ……… … …
41 161 161 161 161 161 161 161 161 160 159 155 153 149 143 108 65.0
42 138 132 127 124 121 116 112 109 108 106 104 102 99.5 97.0 94.5 92.0
43 138 132 127 124 121 116 112 109 108 106 104 102 99.5 97.0 94.5 92.0
44 138 132 127 124 121 116 112 109 108 106 104 102 99.5 97.0 94.5 92.0
45 138 132 127 124 121 116 112 109 108 106 104 ……… … …