40 65 100 125 150 200 250 300 325 350 375 400 425 450 475 500
1 241 241 241 241 241 239 237 236 233 230 226 ……… … …
2 264 264 264 264 264 262 260 257 255 252 ………… … …
3 264 264 264 264 264 264 264 264 263 259 253 ……… … …
4 310 310 310 310 310 310 310 310 309 304 297 ……… … …
5 356 356 356 356 356 356 356 356 355 349 341 ……… … …
6 402 402 402 402 402 402 402 402 401 394 386 ……… … …
7 436 436 436 436 436 436 436 436 435 428 418 ……… … …
8 208 208 193 191 … ……………………… ……
9 230 230 … … … ……………………… ……
10 219 219 … … … ……………………… ……
11 230 230 213 207 … ……………………… ……
12 219 219 202 197 … ……………………… ……
13 230 230 213 207 … ……………………… ……
14 219 219 202 197 … ……………………… ……
15 230 230 213 207 … ……………………… ……
16 219 219 202 197 … ……………………… ……
17 230 230 213 207 … ……………………… ……
18 219 219 202 197 … ……………………… ……
19 230 230 213 207 … ……………………… ……
20 219 219 202 197 … ……………………… ……
21 230 230 213 207 … ……………………… ……
22 219 219 202 197 … ……………………… ……
23 230 230 213 207 … ……………………… ……
24 219 219 202 197 … ……………………… ……
25 299 299 299 299 299 299 294 289 287 284 282 ……… … …
26 207 … … … … ……………………… ……
27 207 203 187 179 170 162 159 158 158 157 156 154 152 149 146 143
28 115 115 115 115 115 109 103 98.0 95.7 94.1 92.8 90.9 89.0 87.8 ……
29 115 115 115 115 115 109 103 98.0 95.7 94.1 92.8 90.9 89.0 87.8 ……
30 115 115 115 115 115 109 103 98.0 95.7 94.1 92.8 90.9 89.0 87.8 ……
31 115 115 115 115 115 109 103 98.0 95.7 94.1 92.8 90.9 89.0 87.8 ……
32 115 115 115 115 115 109 103 98.0 95.7 94.1 92.8 90.9 89.0 87.8 ……
33 115 115 115 115 115 109 103 98.0 95.7 94.1 92.8 90.9 89.0 87.8 ……
34 115 115 115 115 115 109 103 98.0 95.7 94.1 92.8 90.9 89.0 87.8 ……
35 97.9 97.9 97.9 97.9 97.9 93.0 87.2 82.9 81.6 80.2 78.4 77.2 75.9 74.7 ……
36 115 115 115 115 115 109 103 98.0 95.7 94.1 92.8 90.9 89.0 87.8 ……
37 115 115 115 115 115 109 103 98.0 95.7 94.1 92.8 90.9 89.0 87.8 ……
38 97.9 97.9 97.9 97.9 97.9 93.0 87.2 82.9 81.6 80.2 78.4 77.2 75.9 74.7 ……
39 115 115 115 115 115 109 103 98.0 95.7 94.1 92.8 90.9 89.0 87.8 ……
40 115 115 115 115 115 109 103 98.0 95.7 94.1 92.8 90.9 89.0 87.8 ……
41 115 115 115 115 115 109 103 98.0 95.7 94.1 92.8 90.9 89.0 87.8 ……
42 115 115 115 115 115 109 103 98.0 95.7 94.1 92.8 90.9 89.0 87.8 ……
43 97.9 97.9 97.9 97.9 97.9 93.0 87.2 82.9 81.6 80.2 78.4 77.2 75.9 74.7 ……
44 115 115 115 115 115 109 103 98.0 95.7 94.1 92.8 90.9 89.0 87.8 ……
45 97.9 97.9 97.9 97.9 97.9 93.0 87.2 82.9 81.6 80.2 78.4 77.2 75.9 74.7 ……