40 65 100 125 150 200 250 300 325 350 375 400 425 450 475 500
1 161 161 161 159 156 150 142 135 132 130 127 ……… … …
2 161 161 161 159 156 150 142 135 132 130 127 ……… … …
3 161 161 161 159 156 150 142 135 132 130 127 ……… … …
4 138 138 138 138 138 129 122 116 114 111 109 107 105 103 ……
5 138 138 138 138 138 129 122 116 114 111 109 107 105 103 ……
6 138 138 138 138 138 129 122 116 114 111 109 107 105 103 ……
7 138 138 138 138 138 129 122 116 114 111 109 107 105 103 ……
8 138 138 138 138 138 129 122 116 114 111 109 107 105 103 ……
9 138 138 138 138 138 129 122 116 114 111 109 107 105 103 ……
10 138 138 138 138 138 129 122 116 114 111 109 107 105 103 ……
11 138 138 138 138 138 129 122 116 114 111 109 107 105 103 ……
12 138 138 138 138 138 129 122 116 114 111 109 107 105 103 ……
13 138 138 138 138 138 129 122 116 114 111 109 107 105 103 ……
14 138 138 138 138 138 129 122 116 114 111 109 107 105 103 ……
15 138 138 138 138 138 129 122 116 114 111 109 107 105 103 ……
16 138 138 138 138 138 129 122 116 114 111 109 107 105 103 ……
17 138 138 138 138 138 129 122 116 114 111 109 107 105 103 ……
18 138 138 138 138 138 129 122 116 114 111 109 107 105 103 ……
19 138 138 138 138 138 129 122 116 114 111 109 107 105 103 ……
20 138 138 138 138 138 129 122 116 114 111 109 107 105 103 ……
21 161 161 160 159 155 141 132 125 122 120 118 116 115 113 ……
22 161 161 160 159 155 141 132 125 122 120 118 116 115 113 ……
23 161 161 160 159 155 141 132 125 122 120 118 116 115 113 ……
24 137 137 136 135 132 120 112 106 104 102 100 99.2 97.3 95.5 ……
25 161 161 160 159 155 141 132 125 122 120 118 116 115 113 ……
26 161 161 160 159 155 141 132 125 122 120 118 116 115 113 ……
27 137 137 136 135 132 120 112 106 104 102 100 99.2 97.3 95.5 ……
28 161 161 160 159 155 141 132 125 122 120 118 116 115 113 ……
29 161 161 160 159 155 141 132 125 122 120 118 116 115 113 ……
30 161 161 160 159 155 141 132 125 122 120 118 116 115 113 ……
31 161 161 160 159 155 141 132 125 122 120 118 116 115 113 ……
32 161 161 160 159 155 141 132 125 122 120 118 116 115 113 ……
33 137 137 136 135 132 120 112 106 104 102 100 99.2 97.3 95.5 ……
34 161 161 160 159 155 141 132 125 122 120 118 116 115 113 ……
35 137 137 136 135 132 120 112 106 104 102 100 99.2 97.3 95.5 ……
36 137 137 136 135 132 120 112 106 104 102 100 99.2 97.3 95.5 ……
37 161 161 160 159 155 141 132 125 122 120 118 116 115 113 ……
38 161 161 160 159 155 141 132 125 122 120 118 116 115 113 ……
39 161 161 160 159 155 141 132 125 122 120 118 116 115 113 ……
40 161 161 160 159 155 141 132 125 122 120 118 116 115 113 ……
41 161 161 160 159 155 141 132 125 122 120 118 116 115 113 ……
42 180 178 172 167 163 157 154 151 148 145 142 140 137 134 ……
43 180 180 180 178 174 158 148 140 137 135 132 131 129 126 ……
44 219 198 175 162 152 138 128 123 121 119 118 116 116 115 ……
45 138 138 138 138 138 134 129 127 127 126 126 126 126 126 ……