40 65 100 125 150 200 250 300 325 350 375 400 425 450 475 500
1 161 160 160 157 154 149 143 136 132 129 124 ……… … …
2 161 160 160 157 154 149 143 136 132 129 124 ……… … …
3 161 160 160 157 154 149 143 136 132 129 124 ……… … …
4 161 160 160 157 154 149 143 136 132 129 124 ……… … …
5 161 161 161 161 161 158 151 143 139 136 132 ……… … …
6 161 161 161 161 161 158 151 143 139 136 132 ……… … …
7 161 161 161 161 161 158 151 143 139 136 132 ……… … …
8 161 161 161 161 161 158 151 143 139 136 132 ……… … …
9 161 161 161 161 161 158 151 143 139 136 132 ……… … …
10 161 161 161 161 161 158 151 143 139 136 132 ……… … …
11 161 160 159 155 151 146 142 137 134 131 128 ……… … …
12 161 161 161 160 160 154 148 143 141 139 136 ……… … …
13 161 161 161 161 161 158 151 143 139 136 132 ……… … …
14 161 161 161 161 161 158 151 143 139 136 132 ……… … …
15 161 161 161 161 161 161 161 155 150 145 142 ……… … …
16 161 161 161 161 161 161 161 160 159 153 141 ……… … …
17 161 161 161 161 161 161 161 160 159 153 ………… … …
18 161 161 160 159 157 156 157 156 153 150 147 ……… … …
19 161 161 160 159 157 156 157 156 153 150 147 ……… … …
20 161 161 160 159 157 156 157 156 153 150 147 ……… … …
21 161 161 160 159 157 156 157 156 153 150 147 ……… … …
22 161 161 161 161 161 161 161 161 161 156 149 ……… … …
23 163 163 163 163 163 159 153 145 141 136 132 101.0 83.8 66.8 50.3 33.2
24 163 163 163 163 163 163 163 157 153 149 136 101.0 83.3 66.8 50.3 33.2
25 163 163 163 163 163 163 163 163 159 154 123 101.0 83.8 66.8 50.3 33.2
26 170 170 170 169 167 161 155 147 143 139 135 101.0 83.8 66.8 50.3 33.2
27 170 170 170 170 170 170 170 170 169 164 123 101.0 83.8 66.8 50.3 33.2
28 170 170 170 170 170 170 170 170 170 169 123 101.0 83.8 66.8 50.3 33.2
29 170 170 170 170 170 170 170 170 170 170 123 101.0 83.8 66.8 50.3 33.2
30 172 162 157 155 152 148 142 135 131 127 123 ……… … …
31 172 172 167 164 163 158 151 143 139 135 131 ……… … …
32 172 170 168 165 163 158 151 143 139 135 131 ……… … …
33 172 172 172 172 171 165 159 151 147 142 139 ……… … …
34 172 172 172 172 171 165 159 151 147 142 139 ……… … …
35 172 172 172 172 171 165 159 151 147 142 139 ……… … …
36 172 172 172 172 171 165 159 151 147 142 139 ……… … …
37 172 … … … … ……………………… ……
38 172 172 172 171 167 157 148 141 138 135 133 ……… … …
39 172 172 172 172 172 172 167 161 158 156 153 ……… … …
40 172 172 172 172 172 172 172 172 167 152 147 ……… … …
41 172 172 172 172 172 172 172 172 170 168 167 ……… … …
42 172 172 172 172 172 172 172 172 170 168 167 ……… … …
43 172 172 172 172 172 172 172 172 170 168 ………… … …
44 183 183 183 183 183 177 170 161 157 152 133 ……… … …
45 183 183 183 183 183 177 170 161 157 152 133 ……… … …