40 65 100 125 150 200 250 300 325 350 375 400 425 450 475
1 117 110 102 97.8 94.3 88.7 84.1 81.4 80.2 79.0 77.7 76.5 75.9 74.7 74.0
2 138 138 138 138 138 137 134 129 127 125 123 122 120 119 117
3 138 129 120 115 111 105 99.5 95.4 94.0 92.8 91.5 90.3 89.0 87.8 86.5
4 117 117 117 117 117 117 114 109 108 106 105 103 102 101 99.6
5 117 110 102 97.8 94.3 88.7 84.1 81.4 80.2 79.0 77.7 76.5 75.9 74.7 74.0
6 138 138 138 138 138 137 134 129 127 125 123 122 120 119 117
7 138 129 120 115 111 105 99.5 95.4 94.0 92.8 91.5 90.3 89.0 87.8 86.5
8 138 138 138 138 138 138 135 129 127 125 123 122 120 119 117
9 138 138 138 138 138 138 135 129 127 125 123 122 120 119 117
10 138 129 120 115 111 105 100 95.4 94.0 92.8 91.5 90.3 89.0 87.8 86.5
11 138 138 138 138 138 138 135 129 127 125 123 122 120 119 117
12 138 129 120 115 111 105 100 95.4 94.0 92.8 91.5 90.3 89.0 87.8 86.5
13 117 117 117 117 117 117 114 109 108 106 105 103 102 101 99.3
14 117 110 102 97.8 94.3 88.7 84.1 81.4 80.2 79.0 77.7 76.5 75.9 74.7 74.0
15 138 138 138 138 138 138 135 129 127 125 123 122 120 119 117
16 138 129 120 115 111 105 100 95.4 94.0 92.8 91.5 90.3 89.0 87.8 86.5
17 117 117 117 117 117 117 114 109 108 106 105 103 102 101 99.3
18 117 110 102 97.8 94.3 88.7 84.1 81.4 80.2 79.0 77.7 76.5 75.9 74.7 74.0
19 138 138 138 138 138 138 135 129 127 125 123 122 120 119 117
20 138 129 120 115 111 105 100 95.4 94.0 92.8 91.5 90.3 89.0 87.8 86.5
21 117 117 117 117 117 117 114 109 108 106 105 103 102 101 99.3
22 117 110 102 97.8 94.3 88.7 84.1 81.4 80.2 79.0 77.7 76.5 75.9 74.7 74.0
23 117 117 117 117 117 117 114 109 108 106 105 103 102 101 99.3
24 117 110 102 97.8 94.3 88.7 84.1 81.4 80.2 79.0 77.7 76.5 75.9 74.7 74.0
25 187 187 184 179 175 170 167 165 165 165 164 164 163 162 160
26 187 177 163 156 149 140 133 129 127 126 124 123 121 120 119
27 154 153 151 147 143 138 135 132 130 ………………
28 154 150 143 137 131 123 117 111 109 ………………
29 154 153 151 147 143 138 135 132 130 129 129 128 127 126 124
30 154 150 143 137 131 123 117 111 109 106 104 102 99.5 96.9 95.0
31 154 153 151 147 143 138 135 132 130 ………………
32 154 150 143 137 131 123 117 111 109 ………………
33 130 130 128 125 122 118 114 112 111 110 110 109 108 107 105
34 130 127 121 116 111 105 99.6 94.5 92.3 90.6 88.6 86.1 84.2 82.3 81.0
35 130 130 128 125 122 118 114 112 111 110 110 109 108 107 105
36 130 127 121 116 111 105 99.6 94.5 92.3 90.6 88.6 86.1 84.2 82.3 81.0
37 165 165 163 158 154 149 146 142 141 140 138 138 137 135 134
38 165 159 151 144 138 130 123 117 115 112 110 107 105 102 100
39 165 165 163 158 154 149 146 142 141 ………………
40 165 159 151 144 138 130 123 117 115 ………………
41 141 141 139 135 132 126 123 121 120 119 118 117 116 115 113
42 141 135 128 123 118 110 104 100 97.6 95.3 93.4 90.9 89.1 87.2 85.3
43 141 141 139 135 132 126 123 121 120 119 118 117 116 115 113
44 141 135 128 123 118 110 104 100 97.6 95.3 93.4 90.9 89.1 87.2 85.3
45 177 177 177 174 171 168 168 ……………………