40 65 100 125 150 200 250 300 325 350 375 400 425 450 475
1 133 133 133 133 133 127 119 113 111 109 107 106 105 103 101
2 133 121 113 107 102 94.1 88.1 83.8 82.2 80.8 79.6 78.5 77.5 76.3 75.1
3 138 126 113 107 103 95.7 89.9 85.9 84.1 82.2 80.5 79.2 77.3 76.0 74.8
4 138 138 137 134 130 126 122 116 114 111 109 107 105 103 101
5 138 126 113 107 103 95.7 89.9 85.9 84.1 82.2 80.5 79.2 77.3 76.0 74.8
6 138 138 137 134 130 126 122 116 114 111 109 107 105 103 101
7 138 126 113 107 103 95.7 89.9 85.9 84.1 82.2 80.5 79.2 77.3 76.0 74.8
8 138 138 137 134 130 126 122 116 114 111 109 107 105 103 101
9 138 126 113 107 103 95.7 89.9 85.9 84.1 82.2 80.5 79.2 77.3 76.0 74.8
10 138 138 137 134 130 126 122 116 114 111 109 107 105 103 101
11 138 138 137 134 130 126 122 116 114 111 109 107 ………
12 138 126 113 107 103 95.7 90.0 85.6 83.9 82.3 80.5 79.2 ………
13 138 126 113 107 103 95.7 89.9 85.9 84.1 82.2 80.5 79.2 77.3 76.0 74.8
14 138 138 137 134 130 126 122 116 114 111 109 107 105 103 101
15 138 138 137 134 130 126 122 116 114 111 109 107 105 103 101
16 138 126 113 107 103 95.7 89.9 85.9 84.1 82.2 80.5 79.2 77.3 76.0 74.8
17 138 126 113 107 103 95.7 89.9 85.9 84.1 82.2 80.5 79.2 77.3 76.0 74.8
18 138 138 137 134 130 126 122 116 114 111 109 107 105 103 101
19 117 117 117 114 111 107 103 98.5 96.5 94.7 92.8 90.9 89.1 87.1 85.9
20 117 107 96.2 91.2 87.4 81.1 76.6 72.7 71.2 70.0 68.8 67.5 66.3 65.0 63.8
21 138 126 113 107 103 95.7 89.9 85.9 84.1 82.2 80.5 79.2 77.3 76.0 74.8
22 138 138 137 134 130 126 122 116 114 111 109 107 105 103 101
23 117 117 117 114 111 107 103 98.5 96.5 94.7 92.8 90.9 89.1 87.1 85.9
24 117 107 96.2 91.2 87.4 81.1 76.6 72.7 71.2 70.0 68.8 67.5 66.3 65.0 63.8
25 138 138 137 134 130 126 122 116 114 111 109 107 105 103 101
26 138 126 113 107 103 95.7 89.9 85.9 84.1 82.2 80.5 79.2 77.3 76.0 74.8
27 117 117 117 114 111 107 103 98.5 96.5 94.7 92.8 90.9 89.1 87.1 85.9
28 117 107 96.2 91.2 87.4 81.1 76.6 72.7 71.2 70.0 68.8 67.5 66.3 65.0 63.8
29 138 138 137 134 130 126 122 116 114 111 109 107 105 103 101
30 138 126 113 107 103 95.7 89.9 85.9 84.1 82.2 80.5 79.2 77.3 76.0 74.8
31 117 117 117 114 111 107 103 98.5 96.5 94.7 92.8 90.9 89.1 87.1 85.9
32 117 107 96.2 91.2 87.4 81.1 76.6 72.7 71.2 70.0 68.8 67.5 66.3 65.0 63.8
33 138 138 137 134 130 126 122 116 114 111 109 107 105 103 …
34 138 138 137 134 130 126 122 116 114 111 109 107 105 103 …
35 138 138 137 134 130 126 122 116 114 111 109 107 105 103 …
36 138 138 137 134 130 126 122 116 114 111 109 107 105 103 101
37 138 126 113 107 103 95.7 89.9 85.9 84.1 82.2 80.5 79.2 77.3 76.0 74.8
38 138 138 137 134 130 126 122 116 114 111 109 107 105 103 101
39 138 126 113 107 103 95.7 89.9 85.9 84.1 82.2 80.5 79.2 77.3 76.0 74.8
40 138 138 137 134 130 126 122 116 114 111 109 107 105 103 101
41 138 138 137 134 130 126 122 116 114 111 109 107 105 103 101
42 138 138 137 134 130 126 122 116 114 111 109 107 105 103 …
43 138 138 137 134 130 126 122 116 114 111 109 107 105 103 …
44 138 126 113 107 103 95.7 90.0 85.6 83.9 82.3 80.5 79.2 ………
45 138 138 137 134 130 126 122 116 114 111 109 107 105 103 101