40 65 100 125 150 200 250 300 325 350 375 400 425 450 475 500
1 184 184 184 184 184 182 182 178 175 172 170 ……… … …
2 184 184 184 184 184 184 184 183 182 177 166 ……… … …
3 184 184 184 184 184 184 184 183 182 177 166 ……… … …
4 184 184 184 184 184 184 184 183 182 177 166 ……… … …
5 184 184 184 184 184 184 184 183 182 177 166 ……… … …
6 184 184 184 184 184 184 184 183 182 177 166 ……… … …
7 184 184 184 184 184 184 184 183 182 177 ………… … …
8 183 183 183 183 183 183 183 183 183 178 166 161 215 ………
9 186 186 186 185 183 173 164 158 155 151 ………… … …
10 191 191 191 190 187 174 163 158 154 151 ………… … …
11 195 195 195 195 195 195 195 195 193 190 ………… … …
12 … … … … … ……………………… ……
13 207 … … … … ……………………… ……
14 207 207 207 207 207 207 207 206 197 180 178 ……… … …
15 207 207 207 207 207 207 207 206 197 180 178 ……… … …
16 219 219 219 219 219 219 219 218 204 180 178 ……… … …
17 75.0 75.0 74.3 … 71.2 68.9 67.6 66.7 65.8 64.2 ………… … …
18 75.0 75.0 74.3 … 71.2 68.9 67.6 66.7 65.8 64.2 ………… … …
19 161 161 161 161 161 161 161 157 155 153 152 ……… … …
20 184 184 184 184 184 184 184 184 183 180 178 ……… … …
21 122 122 120 118 116 113 110 107 105 103 101 ……… … …
22 126 126 126 125 124 120 117 114 112 110 108 ……… … …
23 126 126 126 125 124 120 117 114 112 110 108 ……… … …
24 126 126 126 125 124 120 117 114 112 110 108 ……… … …
25 126 126 126 125 124 120 117 114 112 110 108 ……… … …
26 126 126 126 125 124 120 117 114 112 110 108 ……… … …
27 138 138 138 135 132 129 125 121 119 117 116 ……… … …
28 150 150 149 147 145 140 137 133 131 128 127 ……… … …
29 150 150 149 147 145 140 137 133 131 128 127 ……… … …
30 150 150 149 147 145 140 137 133 131 128 127 ……… … …
31 150 150 150 150 150 148 144 141 138 136 133 ……… … …
32 150 150 150 150 150 148 144 141 138 136 133 ……… … …
33 150 150 150 150 150 148 144 141 138 136 133 ……… … …
34 161 161 161 161 161 160 156 152 149 147 144 ……… … …
35 161 161 161 161 161 160 156 152 149 147 144 ……… … …
36 161 161 161 161 161 160 156 152 149 147 144 ……… … …
37 161 161 161 161 161 160 156 152 149 147 144 ……… … …
38 161 161 161 161 161 160 156 152 149 147 144 ……… … …
39 172 172 172 172 172 172 168 163 160 158 155 ……… … …
40 172 172 172 172 172 172 168 163 160 158 155 ……… … …
41 172 172 172 172 172 172 168 163 160 158 155 ……… … …
42 276 … … … … ……………………… ……
43 276 … … … … ……………………… ……
44 264 264 264 264 264 264 264 264 264 263 258 ……… … …
45 241 241 241 241 241 241 241 240 239 233 228 ……… … …