40 65 100 125 150 200 250 300 325 350 375 400 425 450 475 500
1 103 97.3 94.1 92.8 91.6 88.6 84.9 80.7 78.4 75.9 73.4 ……… … …
2 103 103 101 99.4 97.8 94.8 90.5 86.2 83.9 81.4 78.9 ……… … …
3 103 103 101 99.4 97.8 94.8 90.5 86.2 83.9 81.4 78.9 ……… … …
4 110 110 110 110 110 110 110 108 104 100 99.1 ……… … …
5 110 110 110 110 110 110 110 108 104 100 99.1 ……… … …
6 110 110 110 110 110 110 110 108 104 100 99.1 ……… … …
7 115 110 105 103 101 98.2 94.6 89.8 87.4 84.7 81.6 ……… … …
8 … … … … … ……………………… ……
9 115 115 113 112 110 106 102 97.1 93.9 91.1 89.4 ……… … …
10 115 115 113 112 110 106 102 97.1 93.9 91.1 89.4 ……… … …
11 126 121 115 113 112 109 104 98.9 96.1 92.9 89.8 ……… … …
12 126 126 126 124 122 118 114 107 104 101 98.1 ……… … …
13 126 126 126 124 122 118 114 107 104 101 98.1 ……… … …
14 126 126 126 124 122 118 114 107 104 101 98.1 ……… … …
15 126 126 126 124 122 118 114 107 104 101 98.1 ……… … …
16 126 126 126 124 122 118 114 107 104 101 98.1 ……… … …
17 126 126 126 124 122 118 114 107 104 101 98.1 ……… … …
18 126 126 126 124 122 118 114 107 104 101 98.1 ……… … …
19 126 126 126 124 122 118 114 107 104 101 98.1 ……… … …
20 126 126 126 124 122 118 114 107 104 101 98.1 ……… … …
21 126 126 126 124 122 118 114 107 104 101 98.1 ……… … …
22 126 126 126 124 122 118 114 107 104 101 98.1 ……… … …
23 126 126 126 124 122 118 114 107 104 101 98.1 ……… … …
24 126 126 126 124 122 118 114 107 104 101 98.1 ……… … …
25 133 133 133 133 133 133 133 129 125 122 119 ……… … …
26 133 133 133 133 133 133 133 133 133 133 132 ……… … …
27 138 130 126 124 122 118 114 107 104 101 98.1 ……… … …
28 138 131 125 123 122 118 113 107 104 101 98.1 ……… … …
29 138 130 126 124 122 118 114 107 104 101 98.1 ……… … …
30 138 130 126 124 122 118 114 107 104 101 98.1 ……… … …
31 138 131 125 123 122 118 113 107 104 101 98.1 ……… … …
32 138 131 125 123 122 118 113 107 104 101 98.1 ……… … …
33 138 131 125 123 122 118 113 107 104 101 98.1 ……… … …
34 138 130 126 124 122 118 114 107 104 101 98.1 ……… … …
35 138 138 134 132 130 126 121 115 112 108 105 ……… … …
36 138 138 134 132 130 126 121 115 112 108 105 ……… … …
37 138 136 134 132 130 126 121 115 112 108 105 ……… … …
38 138 136 134 132 130 126 121 115 112 108 105 ……… … …
39 138 136 134 132 130 126 121 115 112 108 105 ……… … …
40 138 136 134 132 130 126 121 115 112 108 105 ……… … …
41 138 136 134 132 130 126 121 115 112 108 105 ……… … …
42 138 136 134 132 130 126 121 115 112 108 105 ……… … …
43 138 138 138 136 134 130 125 118 115 111 105 ……… … …
44 138 138 138 138 138 137 132 126 122 118 115 ……… … …
45 138 138 138 138 138 137 132 126 122 118 115 ……… … …