40 65 100 125 150 200 250 300 325 350 375 400 425 450 475
1 115 115 115 115 115 110 103 97.7 95.7 94.1 92.6 91.3 90.0 88.7 86.6
2 115 105 97.0 92.3 88.1 81.2 76.0 72.3 70.9 69.7 68.6 67.6 66.7 65.7 64.6
3 115 115 115 115 115 110 103 97.7 95.7 94.1 92.6 91.3 90.0 88.7 86.6
4 115 105 97.0 92.3 88.1 81.2 76.0 72.3 70.9 69.7 68.6 67.6 66.7 65.7 64.6
5 115 115 115 115 115 110 103 97.7 95.7 94.1 92.6 91.3 90.0 88.7 86.6
6 115 115 115 115 115 110 103 97.7 95.7 94.1 92.6 91.3 90.0 88.7 86.6
7 115 105 97.0 92.3 88.1 81.2 76.0 72.3 70.9 69.7 68.6 67.6 66.7 65.7 64.6
8 115 115 115 115 115 110 103 97.7 95.7 94.1 92.6 91.3 90.0 88.7 86.6
9 115 105 97.0 92.3 88.1 81.2 76.0 72.3 70.9 69.7 68.6 67.6 66.7 65.7 64.6
10 115 115 115 115 115 110 103 97.7 95.7 94.1 92.6 91.3 90.0 88.7 86.6
11 115 105 97.0 92.3 88.1 81.2 76.0 72.3 70.9 69.7 68.6 67.6 66.7 65.7 64.6
12 115 115 115 115 115 110 103 97.7 95.7 94.1 92.6 91.3 90.0 88.7 …
13 97.8 97.8 97.8 97.8 97.8 93.2 87.2 83.0 81.4 80.0 78.7 77.6 76.5 75.4 73.6
14 97.8 88.9 82.5 78.4 74.9 69.0 64.6 61.5 60.3 59.2 58.3 57.5 56.7 55.8 54.9
15 115 115 115 115 115 110 103 97.7 95.7 94.1 92.6 91.3 90.0 88.7 86.6
16 115 105 97.0 92.3 88.1 81.2 76.0 72.3 70.9 69.7 68.6 67.6 66.7 65.7 64.6
17 97.8 97.8 97.8 97.8 97.8 93.2 87.2 83.0 81.4 80.0 78.7 77.6 76.5 75.4 73.6
18 97.8 88.9 82.5 78.4 74.9 69.0 64.6 61.5 60.3 59.2 58.3 57.5 56.7 55.8 54.9
19 115 115 115 115 115 110 103 97.7 95.7 94.1 92.6 91.3 90.0 88.7 …
20 115 115 115 115 115 110 103 97.7 95.7 94.1 92.6 91.3 90.0 88.7 86.6
21 115 115 115 115 115 110 103 97.7 95.7 94.1 92.6 91.3 90.0 88.7 …
22 115 115 115 115 115 110 103 97.7 95.7 94.1 92.6 91.3 90.0 88.7 86.6
23 115 105 97.0 92.3 88.1 81.2 76.0 72.3 70.9 69.7 68.6 67.6 66.7 65.7 64.6
24 115 115 115 115 115 110 103 97.7 95.7 94.1 92.6 91.3 90.0 88.7 …
25 97.8 97.8 97.8 97.8 97.8 93.2 87.2 83.0 81.4 80.0 78.7 77.6 76.5 75.4 73.6
26 97.8 88.9 82.5 78.4 74.9 69.0 64.6 61.5 60.3 59.2 58.3 57.5 56.7 55.8 54.9
27 115 115 115 115 115 110 103 97.7 95.7 94.1 92.6 91.3 90.0 88.7 …
28 115 115 115 115 115 110 103 97.7 95.7 94.1 92.6 91.3 90.0 88.7 …
29 138 134 130 126 122 119 118 115 114 111 109 107 105 103 101
30 138 126 113 107 103 95.7 89.9 85.9 84.1 82.2 80.5 79.2 77.3 76.0 74.8
31 138 134 130 126 122 119 118 115 114 111 109 107 105 103 101
32 138 126 113 107 103 95.7 89.9 85.9 84.1 82.2 80.5 79.2 77.3 76.0 74.8
33 138 134 130 126 122 119 118 115 114 111 109 107 105 103 …
34 138 126 113 107 103 95.7 90.0 85.6 83.9 82.3 80.5 79.2 77.7 76.4 …
35 138 134 130 126 122 119 118 115 114 111 109 107 105 103 101
36 138 126 113 107 103 95.7 90.0 85.6 83.9 82.3 80.5 79.2 77.7 76.4 74.9
37 138 134 130 126 122 119 118 115 114 111 109 107 105 103 101
38 138 134 130 126 122 119 118 115 114 111 109 107 105 103 101
39 138 126 113 107 103 95.7 89.9 85.9 84.1 82.2 80.5 79.2 77.3 76.0 74.8
40 138 134 130 126 122 119 118 115 114 111 109 107 105 103 …
41 138 134 130 126 122 119 118 115 114 111 109 107 105 103 …
42 138 134 130 126 122 119 118 115 114 111 109 107 105 103 101
43 138 126 113 107 103 95.7 89.9 85.9 84.1 82.2 80.5 79.2 77.3 76.0 74.8
44 138 134 130 126 122 119 118 115 114 111 109 107 105 103 101
45 138 126 113 107 103 95.7 89.9 85.9 84.1 82.2 80.5 79.2 77.3 76.0 74.8