40 65 100 125 150 200 250 300 325 350 375 400 425 450 475
1 126 126 124 122 121 120 120 120 120 120 120 120 120 120 117
2 126 126 126 126 126 126 126 126 126 126 126 126 126 123 118
3 126 126 124 122 121 120 120 120 120 120 120 120 120 120 117
4 128 128 125 124 123 123 123 123 123 123 123 123 123 123 123
5 128 127 125 124 123 123 123 123 123 123 123 …………
6 129 129 126 125 124 124 124 123 123 123 123 123 123 123 121
7 129 129 126 125 124 124 124 123 123 123 123 123 123 123 121
8 129 129 126 125 124 124 124 123 123 123 123 123 123 123 121
9 129 129 126 125 124 124 124 123 123 123 123 123 123 123 121
10 138 137 135 133 132 132 132 132 132 132 132 132 132 129 125
11 138 138 134 133 132 132 132 132 132 132 132 132 132 129 125
12 118 118 118 118 118 116 112 109 108 106 ……………
13 138 138 138 138 138 138 138 138 138 138 138 136 133 130 105
14 138 138 138 138 138 138 138 138 138 138 138 …………
15 138 138 138 138 138 138 138 138 138 138 138 138 138 135 107
16 118 118 118 118 118 116 112 109 108 106 104 102 99.5 96.9 94.7
17 118 118 118 118 118 116 112 109 108 106 104 102 99.5 96.9 94.7
18 118 118 118 118 118 116 112 109 108 106 104 102 99.5 96.9 94.7
19 100 100 100 100 100 98.8 95.8 92.5 91.3 89.8 88.0 86.8 84.3 82.3 80.7
20 118 118 118 118 118 116 112 109 108 106 104 102 99.5 96.9 94.7
21 118 118 118 118 118 116 112 109 108 106 104 102 99.5 96.9 94.7
22 118 118 118 118 118 116 112 109 108 106 104 102 99.5 96.9 94.7
23 118 118 118 118 118 116 112 109 108 106 104 102 99.5 96.9 94.7
24 118 118 118 118 118 118 118 118 118 118 118 118 116 114 101
25 118 118 118 118 118 …………………………
26 118 118 118 118 118 118 118 118 118 118 118 …………
27 138 138 138 138 138 138 138 138 138 138 138 136 133 130 105
28 138 138 138 138 138 138 138 138 138 138 138 136 133 130 105
29 148 148 148 148 148 148 148 148 148 148 148 148 148 143 107
30 148 148 148 148 148 148 148 148 148 148 148 148 148 143 107
31 148 148 148 148 148 148 148 148 148 148 148 …………
32 207 207 207 207 207 207 207 207 207 207 ……………
33 227 227 227 227 227 227 227 227 227 227 ……………
34 207 207 207 207 207 207 207 207 207 207 206 …………
35 227 227 227 227 227 227 227 227 227 227 221 …………
36 118 118 118 116 114 114 114 114 114 114 114 114 114 114 100
37 118 118 118 116 114 114 114 114 114 114 114 114 114 114 100
38 118 118 118 116 114 114 114 114 114 114 114 114 114 114 100
39 100 100 99.8 98.3 97.2 97.2 97.2 97.2 97.2 97.2 97.2 97.2 97.2 97.2 85.5
40 118 118 118 116 114 114 114 114 114 114 114 114 114 114 100
41 118 118 118 116 114 114 114 114 114 114 114 114 114 114 100
42 118 118 118 116 114 114 114 114 114 114 114 114 114 114 100
43 118 118 118 116 114 114 114 114 114 114 114 114 114 114 100
44 118 118 118 116 114 114 114 114 114 114 114 114 114 114 100
45 118 118 118 116 114 114 114 114 114 114 114 …………