40 65 100 125 150 200 250 300 325 350 375 400 425 450 475
1 187 187 187 182 178 170 165 161 160 159 158 158 ………
2 187 181 166 157 151 140 133 127 125 124 123 122 ………
3 159 159 159 155 151 145 140 137 136 135 135 134 ………
4 159 154 141 134 128 119 113 108 107 105 104 104 ………
5 159 159 159 155 151 145 140 137 136 135 135 134 ………
6 159 154 141 134 128 119 113 108 107 105 104 104 ………
7 193 193 192 188 183 175 170 166 165 164 163 162 ………
8 193 181 166 157 151 140 133 127 125 124 123 122 ………
9 164 164 163 160 156 149 144 141 140 139 139 138 ………
10 164 154 141 134 128 119 113 108 107 105 104 104 ………
11 193 193 192 188 183 175 170 166 165 164 163 162 ………
12 193 181 166 157 151 140 133 127 125 124 123 122 ………
13 164 164 163 160 156 149 144 141 140 139 139 138 ………
14 164 154 141 134 128 119 113 108 107 105 104 104 ………
15 197 197 197 193 187 179 173 169 168 167 166 165 ………
16 197 182 166 158 151 140 133 128 125 124 123 122 ………
17 167 167 167 163 159 150 147 144 143 142 141 140 ………
18 167 154 141 134 128 116 113 108 107 105 104 104 ………
19 181 181 177 172 168 161 156 153 152 151 150 148 147 145 143
20 181 179 162 153 145 134 127 121 119 117 115 113 111 109 107
21 186 186 186 … 177 171 170 170 170 ………………
22 186 186 186 … 177 171 170 170 170 ………………
23 186 186 186 … 177 171 170 170 170 ………………
24 158 158 158 … 150 145 145 145 145 ………………
25 186 186 186 … 177 171 170 170 170 ………………
26 158 158 158 … 150 145 145 145 145 ………………
27 186 186 186 … 177 171 170 170 170 ………………
28 200 200 200 … 190 184 183 183 183 ………………
29 200 200 200 … 190 184 183 183 183 ………………
30 170 170 170 … 162 157 156 156 156 ………………
31 200 200 200 … 190 184 183 183 183 ………………
32 170 170 170 … 162 157 156 156 156 ………………
33 177 177 176 165 151 136 126 120 117 ………………
34 177 177 177 172 165 158 153 149 148 ………………
35 177 177 176 165 151 136 126 120 117 ………………
36 151 151 151 146 140 134 130 127 126 ………………
37 151 151 150 140 128 115 107 102 99.9 ………………
38 177 177 177 172 165 158 153 149 148 ………………
39 177 177 176 165 151 136 126 120 117 ………………
40 177 177 177 172 165 158 153 149 148 ………………
41 177 177 176 165 151 136 126 120 117 ………………
42 172 171 170 165 160 155 151 148 147 146 145 143 142 140 138
43 172 171 169 161 151 138 129 123 121 120 118 117 116 115 113
44 172 171 170 165 160 155 151 148 147 146 145 143 142 140 138
45 172 171 169 161 151 138 129 123 121 120 118 117 116 115 113