40 65 100 125 150 200 250 300 325 350 375 400 425 450 475
1 147 … 121 … 114 106 ………………………
2 138 134 130 126 122 119 118 115 114 111 109 107 105 103 101
3 138 126 113 107 103 95.7 90.0 85.6 83.9 82.3 80.5 79.2 77.7 76.4 74.9
4 138 138 138 136 134 133 125 119 116 114 112 111 110 108 107
5 138 129 119 113 108 99.3 92.7 88.1 86.1 84.4 83.2 82.0 81.1 80.2 79.5
6 148 146 143 139 135 132 128 122 120 117 116 114 113 112 111
7 148 139 127 120 113 102 94.9 90.0 88.4 87.2 86.0 84.7 83.5 82.9 81.7
8 138 138 138 137 135 131 ………………………
9 138 127 115 109 105 97.2 ………………………
10 138 138 138 137 135 131 ………………………
11 138 127 115 109 105 97.2 ………………………
12 117 117 117 116 114 111 ………………………
13 117 108 97.6 92.6 88.8 82.6 ………………………
14 138 138 138 137 135 131 ………………………
15 138 127 115 109 105 97.2 ………………………
16 117 117 117 116 114 111 ………………………
17 117 108 97.6 92.6 88.8 82.6 ………………………
18 117 117 117 116 114 111 ………………………
19 117 108 97.6 92.6 88.8 82.6 ………………………
20 138 138 138 137 135 131 ………………………
21 138 127 115 109 105 97.2 ………………………
22 138 … 138 … 135 131 ………………………
23 117 117 117 116 114 111 ………………………
24 117 108 97.6 92.6 88.8 82.6 ………………………
25 138 138 138 137 135 131 ………………………
26 138 127 115 109 105 97.2 ………………………
27 187 187 180 174 171 169 169 169 169 169 ……………
28 159 159 153 148 145 144 144 144 144 144 ……………
29 197 197 189 183 180 178 178 178 178 178 ……………
30 197 197 189 183 180 178 178 178 178 178 ……………
31 167 167 161 156 153 151 151 151 151 151 ……………
32 187 187 180 174 171 169 169 169 169 169 ……………
33 159 159 153 148 145 144 144 144 144 144 ……………
34 138 138 137 134 130 126 122 116 114 111 109 107 105 103 …
35 158 158 158 154 149 143 139 136 135 134 133 132 ………
36 158 151 141 134 127 119 112 107 106 105 104 103 ………
37 185 185 185 181 176 168 163 159 158 157 156 156 ………
38 185 175 162 154 147 137 129 125 123 121 120 119 ………
39 185 185 185 181 176 168 163 159 158 157 156 156 ………
40 187 187 187 182 178 170 165 161 160 159 158 158 ………
41 187 181 166 157 151 140 133 127 125 124 123 122 ………
42 187 187 186 183 178 170 164 161 160 159 158 158 ………
43 187 178 167 158 151 140 133 128 125 124 123 122 ………
44 159 159 159 155 151 145 140 137 136 135 135 134 ………
45 159 154 141 134 128 119 113 108 107 105 104 104 ………