40 65 100 125 150 200 250 300 325 350 375 400 425 450 475
1 115 115 115 115 115 115 112 106 104 102 100 98.5 97.3 96.0 95.4
2 115 109 102 98.7 95.0 88.8 83.0 79.0 77.2 75.5 74.3 73.0 72.5 71.2 70.5
3 115 115 115 115 115 115 112 106 104 102 100 98.5 97.3 96.0 95.4
4 115 108 102 98.7 95.0 88.8 83.0 79.0 77.2 75.5 74.3 73.0 72.5 71.2 70.5
5 115 115 115 115 115 115 112 106 104 102 100 98.5 97.3 96.0 95.4
6 115 108 102 98.7 95.0 88.8 83.0 79.0 77.2 75.5 74.3 73.0 72.5 71.2 70.5
7 115 115 115 115 115 115 112 106 104 102 100 98.5 97.3 96.0 95.4
8 138 135 130 126 123 121 121 121 121 121 121 119 117 115 114
9 138 130 123 118 114 106 99.7 94.5 92.3 90.7 89.4 87.5 86.9 85.7 85.0
10 138 135 130 126 123 121 121 121 121 121 121 119 117 115 114
11 138 130 123 118 114 106 99.7 94.5 92.3 90.7 89.4 87.5 86.9 85.7 85.0
12 138 135 130 126 123 121 121 121 121 121 121 119 117 115 114
13 138 131 123 118 114 106 99.7 94.5 92.3 90.7 89.4 87.5 86.9 85.7 85.0
14 138 135 130 126 123 121 121 121 121 121 121 119 117 115 114
15 138 131 123 118 114 106 99.7 94.5 92.3 90.7 89.4 87.5 86.9 85.7 85.0
16 133 125 119 114 110 103 96.5 91.5 89.4 87.6 86.1 84.8 83.7 82.8 81.9
17 133 133 133 133 133 133 130 124 121 118 116 114 113 112 111
18 138 138 138 135 132 129 129 127 125 123 120 119 117 115 114
19 138 130 123 118 114 106 99.7 94.5 92.3 90.7 89.4 87.5 86.9 85.7 85.0
20 138 138 138 135 132 129 129 127 125 123 121 119 117 115 114
21 138 138 138 135 132 129 129 127 125 123 120 119 117 115 114
22 138 130 123 118 114 106 99.7 94.5 92.3 90.7 89.4 87.5 86.9 85.7 85.0
23 138 138 138 135 132 129 129 127 125 123 121 119 117 115 114
24 138 138 138 135 132 129 129 127 125 123 120 119 117 115 114
25 138 130 123 118 114 106 99.7 94.5 92.3 90.7 89.4 87.5 86.9 85.7 85.0
26 138 138 138 135 132 129 129 127 125 123 121 119 117 115 114
27 138 130 123 118 114 106 99.7 94.5 92.3 90.7 89.4 87.5 86.9 85.7 85.0
28 138 138 138 135 132 129 129 127 125 123 120 119 117 115 114
29 117 117 117 114 112 110 110 108 106 104 102 101 99.4 98.1 97.5
30 117 111 104 101 97.1 90.2 85.0 80.6 78.5 76.9 75.6 74.4 73.8 72.6 71.9
31 138 138 138 135 132 129 129 127 125 123 120 119 117 115 114
32 138 130 123 118 114 106 99.7 94.5 92.3 90.7 89.4 87.5 86.9 85.7 85.0
33 138 138 138 135 132 129 129 127 125 123 120 119 117 115 114
34 138 130 123 118 114 106 99.7 94.5 92.3 90.7 89.4 87.5 86.9 85.7 85.0
35 138 138 138 135 132 129 129 127 125 123 120 119 117 115 …
36 138 138 138 135 132 129 129 127 125 123 120 119 117 115 114
37 138 130 123 118 114 106 99.7 94.5 92.3 90.7 89.4 87.5 86.9 85.7 85.0
38 138 138 138 135 132 129 129 127 125 123 121 119 117 115 114
39 138 138 138 135 132 129 129 127 125 123 121 119 117 115 114
40 138 138 138 135 132 129 129 127 125 123 120 119 117 115 …
41 138 138 138 135 132 129 129 127 125 123 120 119 117 115 114
42 138 130 123 118 114 106 99.7 94.5 92.3 90.7 89.4 87.5 86.9 85.7 85.0
43 138 138 138 135 132 129 129 127 125 123 121 119 117 115 114
44 138 138 138 135 132 129 129 127 125 123 120 119 117 115 …
45 138 138 138 135 132 129 129 127 125 123 120 119 117 115 …