40 65 100 125 150 200 250 300 325 350 375 400 425 450 475
1 138 138 138 138 138 138 138 133 128 122 ……………
2 138 138 138 138 138 …………………………
3 138 138 138 138 138 138 138 138 136 129 122 101 83.8 67.3 49.4
4 138 138 138 138 138 138 138 138 136 129 ……………
5 148 148 148 148 148 148 148 148 146 140 ……………
6 158 158 158 158 158 158 158 158 152 137 ……………
7 177 177 177 177 177 176 175 173 172 169 ……………
8 207 207 207 207 207 205 204 202 200 197 ……………
9 227 227 227 227 227 224 223 221 219 217 ……………
10 227 227 227 227 227 227 227 227 226 222 217 …………
11 266 266 266 266 266 266 266 266 265 261 255 …………
12 305 305 305 305 305 305 305 305 305 299 293 …………
13 345 345 345 345 345 345 345 345 343 337 330 …………
14 374 374 374 374 374 374 374 374 373 367 359 …………
15 187 187 186 183 ……………………………
16 197 197 …………………………………
17 187 187 …………………………………
18 187 187 173 ………………………………
19 187 187 173 169 ……………………………
20 197 197 182 178 ……………………………
21 183 183 183 183 ……………………………
22 183 183 183 183 ……………………………
23 194 194 194 194 ……………………………
24 187 187 187 187 ……………………………
25 194 194 194 194 ……………………………
26 187 187 187 187 ……………………………
27 197 197 182 ………………………………
28 187 187 173 ………………………………
29 197 197 182 178 ……………………………
30 187 187 173 169 ……………………………
31 168 168 155 152 ……………………………
32 197 197 182 ………………………………
33 187 187 173 ………………………………
34 197 197 182 178 ……………………………
35 187 187 173 169 ……………………………
36 168 168 155 152 ……………………………
37 197 197 182 178 ……………………………
38 187 187 173 169 ……………………………
39 187 187 173 ………………………………
40 197 197 182 178 ……………………………
41 187 187 173 169 ……………………………
42 197 197 182 178 ……………………………
43 187 187 173 169 ……………………………
44 197 197 182 178 ……………………………
45 187 187 173 169 ……………………………