40 65 100 125 150 200 250 300 325 350 375 400 425 450 475 500
1 97.9 97.9 97.9 97.9 97.9 93.0 87.2 82.9 81.6 80.2 78.4 77.2 75.9 74.7 ……
2 115 115 115 115 115 109 103 98.0 95.7 94.1 92.8 90.9 89.0 87.8 ……
3 115 115 115 115 115 109 103 98.0 95.7 94.1 92.8 90.9 89.0 87.8 ……
4 97.9 97.9 97.9 97.9 97.9 93.0 87.2 82.9 81.6 80.2 78.4 77.2 75.9 74.7 ……
5 115 115 115 115 115 109 103 98.0 95.7 94.1 92.8 90.9 89.0 87.8 ……
6 115 115 115 115 115 109 103 98.0 95.7 94.1 92.8 90.9 89.0 87.8 ……
7 138 138 138 138 138 134 126 119 116 114 112 111 110 108 ……
8 138 138 138 138 138 134 126 119 116 114 112 111 110 108 ……
9 138 138 138 138 138 134 126 119 116 114 112 111 110 108 ……
10 138 138 138 138 138 134 126 119 116 114 112 111 110 108 ……
11 138 138 138 138 138 134 126 119 116 114 112 111 110 108 ……
12 138 138 138 138 138 134 126 119 116 114 112 111 110 108 ……
13 138 138 138 138 138 134 126 119 116 114 112 111 110 108 ……
14 138 138 138 138 138 134 126 119 116 114 112 111 110 108 ……
15 117 117 117 117 117 114 107 101 99.0 96.8 95.7 94.4 93.1 92.5 ……
16 138 138 138 138 138 134 126 119 116 114 112 111 110 108 ……
17 138 138 138 138 138 134 126 119 116 114 112 111 110 108 ……
18 117 117 117 117 117 114 107 101 99.0 96.8 95.7 94.4 93.1 92.5 ……
19 138 138 138 138 138 134 126 119 116 114 112 111 110 108 ……
20 138 138 138 138 138 134 126 119 116 114 112 111 110 108 ……
21 138 138 138 138 138 134 126 119 116 114 112 111 110 108 ……
22 138 138 138 138 138 134 126 119 116 114 112 111 110 108 ……
23 138 138 138 138 138 134 126 119 116 114 112 111 110 108 ……
24 138 138 138 138 138 134 126 119 116 114 112 111 110 108 ……
25 138 138 138 138 138 134 126 119 116 114 112 111 110 108 ……
26 138 138 138 138 138 134 126 119 116 114 112 111 110 108 ……
27 138 138 138 138 138 134 126 119 116 114 112 111 110 108 ……
28 117 117 117 117 117 114 107 101 99.0 96.8 95.7 94.4 93.1 92.5 ……
29 138 138 138 138 138 134 126 119 116 114 112 111 110 108 ……
30 138 138 138 138 138 134 126 119 116 114 112 111 110 108 ……
31 138 138 138 138 138 134 126 119 116 114 112 111 110 108 ……
32 138 138 138 138 138 134 126 119 116 114 112 111 110 108 ……
33 138 138 138 138 138 134 126 119 116 114 112 111 110 108 ……
34 138 138 138 138 138 134 126 119 116 114 112 111 110 108 ……
35 117 117 117 117 117 114 107 101 99.0 96.8 95.7 94.4 93.1 92.5 ……
36 138 138 138 138 138 134 126 119 116 114 112 111 110 108 ……
37 138 138 138 138 138 134 126 119 116 114 112 111 110 108 ……
38 117 117 117 117 117 114 107 101 99.0 96.8 95.7 94.4 93.1 92.5 ……
39 138 138 138 138 138 134 126 119 116 114 112 111 110 108 ……
40 138 138 138 138 138 134 126 119 116 114 112 111 110 108 ……
41 138 138 138 138 138 134 126 119 116 114 112 111 110 108 ……
42 138 138 138 138 138 134 126 119 116 114 112 111 110 108 ……
43 138 138 138 138 138 134 126 119 116 114 112 111 110 108 ……
44 138 138 138 138 138 134 126 119 116 114 112 111 110 108 ……
45 138 138 138 138 138 134 126 119 116 114 112 111 110 108 ……