40 65 100 125 150 200 250 300 325 350 375 400 425 450 475
1 215 215 210 204 199 191 186 182 181 179 178 177 175 174 …
2 183 183 179 174 169 163 158 155 154 153 151 150 149 148 …
3 215 215 210 204 199 191 186 182 181 179 178 177 175 174 …
4 183 183 179 174 169 163 158 155 154 153 151 150 149 148 …
5 183 183 179 174 169 163 158 155 154 153 151 150 149 148 …
6 215 215 210 204 199 191 186 182 181 179 178 177 175 174 …
7 183 183 179 174 169 163 158 155 154 153 151 150 149 148 …
8 215 215 210 204 199 191 186 182 181 179 178 177 175 174 …
9 183 183 179 174 169 163 158 155 154 153 151 150 149 148 …
10 177 175 171 166 162 156 152 ……………………
11 151 149 145 141 137 132 129 ……………………
12 197 197 197 195 192 190 190 189 189 ………………
13 216 216 215 209 203 198 195 ……………………
14 216 216 215 209 203 198 195 ……………………
15 216 216 215 209 203 198 195 ……………………
16 184 184 183 178 173 168 166 ……………………
17 216 216 215 209 203 198 195 ……………………
18 184 184 183 178 173 168 166 ……………………
19 177 177 … 175 171 166 166 166 166 ………………
20 177 177 … 175 171 166 166 166 166 ………………
21 177 177 … 175 171 166 166 166 166 ………………
22 177 177 … 175 171 166 166 166 166 ………………
23 177 177 … 175 171 166 166 166 166 ………………
24 177 177 … 175 171 166 166 166 166 ………………
25 177 177 … 175 171 166 166 166 166 ………………
26 197 197 197 192 187 182 180 180 180 ………………
27 197 197 196 192 187 182 181 181 181 181 ……………
28 168 168 167 163 158 155 155 154 154 154 ……………
29 197 197 196 192 187 182 181 181 181 181 ……………
30 168 168 167 163 158 155 155 154 154 154 ……………
31 197 197 196 192 187 182 181 181 181 181 ……………
32 229 229 227 221 218 216 216 216 216 216 ……………
33 229 229 227 221 218 216 216 216 216 216 ……………
34 194 194 193 188 185 184 184 184 184 184 ……………
35 229 229 227 221 218 216 216 216 216 216 ……………
36 194 194 193 188 185 184 184 184 184 184 ……………
37 228 228 227 221 215 208 205 203 202 ………………
38 228 228 227 221 215 208 205 203 202 ………………
39 228 228 227 221 215 208 205 203 202 ………………
40 194 194 192 188 183 177 174 173 172 ………………
41 228 228 227 221 215 208 205 203 202 ………………
42 194 194 192 188 183 177 174 173 172 ………………
43 184 184 184 184 184 183 183 183 183 ………………
44 214 214 211 206 203 201 201 201 201 ………………
45 214 214 211 206 203 201 201 201 201 ………………