40 65 100 125 150 200 250 300 325 350 375 400 425 450 475 500
1 195 195 195 195 195 193 191 191 190 189 188 ……… … …
2 166 166 166 166 165 164 163 162 161 160 160 ……… … …
3 166 166 166 166 165 164 163 162 161 …………… … …
4 150 150 149 147 144 135 131 129 129 128 ………… … …
5 150 150 149 147 144 135 131 129 129 128 ………… … …
6 150 150 149 147 144 135 131 129 129 128 ………… … …
7 172 171 169 168 167 166 163 161 160 …………… … …
8 241 236 229 228 226 226 226 226 226 226 ………… … …
9 241 236 229 228 226 226 226 226 226 226 ………… … …
10 195 195 195 195 195 194 194 190 187 185 182 ……… … …
11 172 172 172 172 172 172 172 172 172 171 168 ……… … …
12 172 172 172 172 172 172 172 172 172 171 168 ……… … …
13 184 184 184 184 184 184 184 184 184 184 184 ……… … …
14 184 184 184 184 184 184 184 184 184 184 184 ……… … …
15 184 184 184 184 184 184 184 184 184 184 184 ……… … …
16 207 207 207 207 207 207 207 207 207 207 207 ……… … …
17 230 230 230 230 230 230 230 230 230 230 230 ……… … …
18 184 184 184 184 184 184 184 184 184 184 184 ……… … …
19 207 207 207 207 207 207 207 207 207 207 207 ……… … …
20 230 230 230 230 230 230 230 230 230 230 230 ……… … …
21 184 184 184 184 184 184 184 184 184 184 184 ……… … …
22 184 184 184 184 184 184 184 184 184 184 184 ……… … …
23 184 184 184 184 184 184 184 184 184 184 184 ……… … …
24 207 207 207 207 207 207 207 207 207 207 207 ……… … …
25 207 207 207 207 207 207 207 207 207 207 207 ……… … …
26 230 230 230 230 230 230 230 230 230 230 230 ……… … …
27 230 230 230 230 230 230 230 230 230 230 230 ……… … …
28 184 184 184 184 184 184 184 184 184 184 184 ……… … …
29 184 184 184 184 184 184 184 184 184 184 184 ……… … …
30 183 183 183 183 183 183 183 183 183 183 183 ……… … …
31 207 207 207 207 207 207 207 207 207 207 207 ……… … …
32 207 207 207 207 207 207 207 207 207 207 207 ……… … …
33 230 230 230 230 230 230 230 230 230 230 230 ……… … …
34 230 230 230 230 230 230 230 230 230 230 230 ……… … …
35 210 210 210 … … ……………………… ……
36 241 241 241 241 241 241 241 241 239 233 229 ……… … …
37 196 190 184 181 180 180 180 178 175 172 168 ……… … …
38 207 207 207 207 207 207 207 207 207 207 207 ……… … …
39 184 184 184 184 184 184 184 184 184 184 184 ……… … …
40 207 207 207 207 207 207 207 207 207 207 207 ……… … …
41 241 241 241 241 241 241 241 241 241 240 236 ……… … …
42 264 264 264 264 264 264 264 264 264 263 258 ……… … …
43 264 264 264 264 264 264 264 264 264 263 258 ……… … …
44 138 138 138 138 138 138 138 138 138 138 138 ……… … …
45 184 184 184 184 184 184 184 184 184 184 184 ……… … …