40 65 100 125 150 200 250 300 325 350 375 400 425 450 475
1 138 138 138 138 138 138 135 131 129 127 125 124 122 121 119
2 138 129 119 114 111 105 100 96.7 95.4 94.1 92.9 91.6 90.4 89.2 87.9
3 117 117 117 117 117 117 115 111 109 108 107 105 104 102 101
4 117 110 101 97.5 94.3 88.7 84.7 82.1 80.8 79.8 79.1 77.9 77.3 76.1 74.8
5 138 138 138 138 138 138 135 131 129 127 125 124 122 121 119
6 138 129 119 114 111 105 100 96.7 95.4 94.1 92.9 91.6 90.4 89.2 87.9
7 138 138 138 138 138 138 135 131 129 127 125 124 122 121 119
8 138 129 120 115 111 105 100 96.7 95.4 94.1 92.9 91.6 90.4 89.2 87.9
9 138 138 138 138 138 138 135 131 129 127 125 124 122 121 119
10 138 129 120 115 111 105 100 96.7 95.4 94.1 92.9 91.6 90.4 89.2 87.9
11 117 117 117 117 117 117 115 111 109 108 107 105 104 102 101
12 117 110 101 97.5 94.3 88.7 84.7 82.1 80.8 79.8 79.1 77.9 77.3 76.1 74.8
13 138 138 138 138 138 138 135 131 129 127 125 124 122 121 119
14 138 129 120 115 111 105 100 96.7 95.4 94.1 92.9 91.6 90.4 89.2 87.9
15 117 117 117 117 117 117 115 111 109 108 107 105 104 102 101
16 117 110 101 97.5 94.3 88.7 84.7 82.1 80.8 79.8 79.1 77.9 77.3 76.1 74.8
17 138 138 138 138 138 138 135 131 129 127 125 124 122 121 119
18 138 129 120 115 111 105 100 96.7 95.4 94.1 92.9 91.6 90.4 89.2 87.9
19 117 117 117 117 117 117 115 111 109 108 107 105 104 102 101
20 117 110 101 97.5 94.3 88.7 84.7 82.1 80.8 79.8 79.1 77.9 77.3 76.1 74.8
21 117 117 117 117 117 117 115 111 109 108 107 105 104 102 101
22 117 110 101 97.5 94.3 88.7 84.7 82.1 80.8 79.8 79.1 77.9 77.3 76.1 74.8
23 183 183 182 … 173 165 160 155 153 152 ……………
24 183 177 164 … 151 141 134 129 127 125 ……………
25 183 183 182 … 173 165 160 155 153 152 ……………
26 183 177 164 … 151 141 134 129 127 125 ……………
27 183 183 182 … 173 165 160 155 153 152 ……………
28 183 177 164 … 151 141 134 129 127 125 ……………
29 183 183 182 … 173 165 160 155 153 152 ……………
30 183 177 164 … 151 141 134 129 127 125 ……………
31 183 183 182 … 173 165 160 155 153 152 ……………
32 183 177 164 … 151 141 134 129 127 125 ……………
33 183 183 182 … 173 165 160 155 153 152 ……………
34 183 177 164 … 151 141 134 129 127 125 ……………
35 183 183 182 … 173 165 160 155 153 152 ……………
36 183 177 164 … 151 141 134 129 127 125 ……………
37 183 183 182 … 173 165 160 155 153 152 ……………
38 183 177 164 … 151 141 134 129 127 125 ……………
39 183 183 182 … 173 165 160 155 153 152 ……………
40 183 177 164 … 151 141 134 129 127 125 ……………
41 183 183 182 … 173 165 160 155 153 152 ……………
42 183 177 164 … 151 141 134 129 127 125 ……………
43 187 187 186 180 173 167 167 167 167 ………………
44 215 215 210 204 199 191 186 182 181 179 178 177 175 174 …
45 215 215 210 204 199 191 186 182 181 179 178 177 175 174 …