40 65 100 125 150 200 250 300 325 350 375 400 425 450 475 500
1 195 195 195 192 189 188 187 186 184 180 177 ……… … …
2 207 206 206 203 201 199 198 196 194 191 188 ……… … …
3 207 206 206 203 201 199 198 196 194 191 188 ……… … …
4 195 195 195 195 195 194 194 192 190 187 183 ……… … …
5 195 195 195 195 195 194 194 192 190 187 183 ……… … …
6 195 195 195 195 195 194 194 192 190 187 183 ……… … …
7 207 207 207 207 207 206 205 204 201 198 194 ……… … …
8 195 195 195 195 195 194 194 192 190 187 183 178 172 165 156 147
9 161 161 160 159 158 155 153 150 148 145 141 ……… … …
10 161 161 160 159 158 155 153 150 148 145 141 ……… … …
11 115 110 105 103 102 100 98.9 97.2 96.1 94.7 92.7 ……… … …
12 115 110 105 103 102 100 98.9 97.2 96.1 94.7 92.7 90.2 87.1 83.5 ……
13 115 110 105 103 102 100 98.9 97.2 96.1 94.7 92.7 ……… … …
14 138 132 126 124 123 120 119 117 115 114 111 108 104 101 ……
15 264 264 264 262 260 254 249 244 241 237 232 ……… … …
16 138 132 126 124 123 120 119 117 115 114 111 108 104 101 ……
17 138 132 126 124 123 120 119 117 115 114 111 108 104 101 ……
18 138 132 126 124 123 120 119 117 115 114 111 108 104 101 ……
19 161 161 160 159 158 155 153 150 148 145 141 ……… … …
20 161 161 161 159 158 155 153 150 148 145 142 137 133 125 92.5 68.4
21 161 161 160 159 158 155 153 150 148 145 141 ……… … …
22 161 161 160 159 158 155 153 150 148 145 141 ……… … …
23 195 195 195 194 192 188 186 182 180 176 172 167 161 155 ……
24 195 195 195 194 192 188 186 182 180 176 172 167 161 155 ……
25 207 207 207 205 203 199 197 193 190 186 182 ……… … …
26 207 207 207 205 203 199 197 193 190 186 182 ……… … …
27 217 217 217 215 212 209 206 202 199 196 191 ……… … …
28 253 253 253 250 248 242 238 233 231 227 224 ……… … …
29 264 264 264 264 264 262 254 244 240 235 229 ……… … …
30 264 264 264 264 264 262 254 244 240 235 229 ……… … …
31 345 345 345 345 345 341 331 319 313 …………… … …
32 138 138 138 137 135 133 131 129 127 124 122 118 113 109 ……
33 138 132 126 124 123 120 119 117 115 114 111 108 104 101 ……
34 138 138 138 137 135 133 131 129 127 124 122 118 113 109 ……
35 138 132 126 124 123 120 119 117 115 114 111 108 104 101 ……
36 310 310 310 310 310 302 296 292 290 288 ………… … …
37 310 310 310 310 310 302 296 292 290 288 ………… … …
38 310 310 310 310 310 302 296 292 290 288 ………… … …
39 322 322 322 322 322 314 308 303 301 299 ………… … …
40 322 322 322 322 322 314 308 303 301 299 ………… … …
41 322 322 322 322 322 314 308 303 301 299 ………… … …
42 333 333 333 333 333 325 319 314 312 309 ………… … …
43 333 333 333 333 333 325 319 314 312 309 ………… … …
44 333 333 333 333 333 325 319 314 312 309 ………… … …
45 195 195 195 195 195 193 191 191 190 189 188 ……… … …