40 65 100 125 150 200 250 300 325 350 375 400 425 450 475 500
1 230 229 228 222 216 210 206 202 201 200 198 196 195 194 ……
2 230 229 228 222 216 210 206 202 201 200 198 196 195 194 ……
3 230 229 228 222 216 210 206 202 201 200 198 196 195 194 ……
4 195 195 194 189 184 178 174 172 171 170 169 167 166 164 ……
5 230 229 228 222 216 210 206 202 201 200 198 196 195 194 ……
6 195 195 194 189 184 178 174 172 171 170 169 167 166 164 ……
7 195 195 194 189 184 178 174 172 171 170 169 167 166 164 ……
8 230 229 228 222 216 210 206 202 201 200 198 196 195 194 ……
9 230 229 228 222 216 210 206 202 201 200 198 196 195 194 ……
10 230 229 228 222 216 210 206 202 201 200 198 196 195 194 ……
11 230 229 228 222 216 210 206 202 201 200 198 196 195 194 ……
12 200 197 192 186 180 175 172 170 168 …………… … …
13 138 138 138 138 138 138 135 131 129 127 125 124 122 121 ……
14 117 117 117 117 117 117 115 111 109 108 107 105 104 102 ……
15 138 138 138 138 138 138 135 131 129 127 125 124 122 121 ……
16 138 138 138 138 138 138 135 131 129 127 125 124 122 121 ……
17 117 117 117 117 117 117 115 111 109 108 107 105 104 102 ……
18 117 117 117 117 117 117 115 111 109 108 107 105 104 102 ……
19 138 138 138 138 138 138 135 131 129 127 125 124 122 121 ……
20 138 138 138 138 138 138 135 131 129 127 125 124 122 121 ……
21 117 117 117 117 117 117 115 111 109 108 107 105 104 102 ……
22 138 138 138 138 138 138 135 131 129 127 125 124 122 121 ……
23 117 117 117 117 117 117 115 111 109 108 107 105 104 102 ……
24 138 138 138 138 138 138 135 131 129 127 125 124 122 121 ……
25 138 138 138 138 138 138 135 131 129 127 125 124 122 121 ……
26 138 138 138 138 138 138 135 131 129 127 125 124 122 121 ……
27 138 138 138 138 138 138 135 131 129 127 125 124 122 121 ……
28 117 117 117 117 117 117 115 111 109 108 107 105 104 102 ……
29 117 117 117 117 117 117 115 111 109 108 107 105 104 102 ……
30 138 138 138 138 138 138 135 131 129 127 125 124 122 121 ……
31 138 138 138 138 138 138 135 131 129 127 125 124 122 121 ……
32 117 117 117 117 117 117 115 111 109 108 107 105 104 102 ……
33 138 138 138 138 138 138 135 131 129 127 125 124 122 121 ……
34 117 117 117 117 117 117 115 111 109 108 107 105 104 102 ……
35 138 138 138 138 138 138 135 131 129 127 125 124 122 121 ……
36 138 138 138 138 138 138 135 131 129 127 125 124 122 121 ……
37 138 138 138 138 138 138 135 131 129 127 125 124 122 121 ……
38 138 138 138 138 138 138 135 131 129 127 125 124 122 121 ……
39 117 117 117 117 117 117 115 111 109 108 107 105 104 102 ……
40 138 138 138 138 138 138 135 131 129 127 125 124 122 121 ……
41 117 117 117 117 117 117 115 111 109 108 107 105 104 102 ……
42 117 117 117 117 117 117 115 111 109 108 107 105 104 102 ……
43 117 117 117 117 117 117 115 111 109 108 107 105 104 102 ……
44 250 248 245 239 232 223 217 213 211 209 208 206 205 202 ……
45 250 248 245 239 232 223 217 213 211 209 208 206 205 202 ……