40 65 100 125 150 200 250 300 325 350 375 400 425 450 475
1 138 132 126 122 118 111 105 99.8 97.9 96.1 95.0 94.4 93.8 93.2 92.5
2 138 132 126 122 118 111 105 99.8 97.9 96.1 95.0 94.4 93.8 93.2 92.5
3 138 138 137 134 129 123 119 117 116 116 116 116 116 116 115
4 117 117 117 114 110 104 101 98.9 98.6 98.6 98.6 98.6 98.6 98.6 98.1
5 117 112 107 103 101 94.3 89.1 85.3 83.3 81.8 81.2 79.9 79.3 79.3 78.7
6 138 138 137 134 129 123 119 117 116 116 116 116 116 116 115
7 138 132 126 122 118 111 105 99.8 97.9 96.1 95.0 94.4 93.8 93.2 92.5
8 117 117 117 114 110 104 101 98.9 98.6 98.6 98.6 98.6 98.6 98.6 98.1
9 117 112 107 103 101 94.3 89.1 85.3 83.3 81.8 81.2 79.9 79.3 79.3 78.7
10 138 138 137 134 129 123 119 117 116 116 116 116 116 116 …
11 138 138 137 134 129 123 119 117 116 116 116 116 116 116 115
12 138 132 126 122 118 111 105 99.8 97.9 96.1 95.0 94.4 93.8 93.2 92.5
13 138 138 137 134 129 123 119 117 116 116 116 116 116 116 115
14 138 138 137 134 129 123 119 117 116 116 116 116 116 116 …
15 138 138 137 134 129 123 119 117 116 116 116 116 116 116 115
16 138 132 126 122 118 111 105 99.8 97.9 96.1 95.0 94.4 93.8 93.2 92.5
17 138 138 137 134 129 123 119 117 116 116 116 116 116 116 …
18 138 138 137 134 129 123 119 117 116 116 116 116 116 116 115
19 138 132 126 122 118 111 105 99.8 97.9 96.1 95.0 94.4 93.8 93.2 92.5
20 138 138 137 134 129 123 119 117 116 116 116 116 116 116 115
21 138 132 126 122 118 111 105 99.8 97.9 96.1 95.0 94.4 93.8 93.2 92.5
22 138 138 137 134 129 123 119 117 116 116 116 116 116 116 115
23 138 132 126 122 118 111 105 99.8 97.9 96.1 95.0 94.4 93.8 93.2 92.5
24 138 138 137 134 129 123 119 117 116 116 116 116 116 116 115
25 138 132 126 122 118 111 105 99.8 97.9 96.1 95.0 94.4 93.8 93.2 92.5
26 117 117 117 114 110 104 101 98.9 98.6 98.6 98.6 98.6 98.6 98.6 98.1
27 117 112 107 103 101 94.3 89.1 85.3 83.3 81.8 81.2 79.9 79.3 79.3 78.7
28 138 138 137 134 129 123 119 117 116 116 116 116 116 116 115
29 138 132 126 122 118 111 105 99.8 97.9 96.1 95.0 94.4 93.8 93.2 92.5
30 117 117 117 114 110 104 101 98.9 98.6 98.6 98.6 98.6 98.6 98.6 98.1
31 117 112 107 103 101 94.3 89.1 85.3 83.3 81.8 81.2 79.9 79.3 79.3 78.7
32 138 138 137 134 129 123 119 117 116 116 116 116 116 116 115
33 138 132 126 122 118 111 105 99.8 97.9 96.1 95.0 94.4 93.8 93.2 92.5
34 138 138 137 134 129 123 119 117 116 116 116 116 116 116 115
35 138 138 137 134 129 123 119 117 116 116 116 116 116 116 115
36 138 132 126 122 118 111 105 99.8 97.9 96.1 95.0 94.4 93.8 93.2 92.5
37 138 138 137 134 129 123 119 117 116 116 116 116 116 116 …
38 138 138 137 134 129 123 119 117 116 116 116 116 116 116 …
39 138 137 137 136 131 123 117 114 113 112 112 112 112 112 111
40 138 128 120 115 110 101 94.7 90.2 88.6 87.5 86.7 86.2 85.9 85.7 85.7
41 138 137 137 136 131 123 117 114 113 112 112 112 112 112 111
42 138 128 120 115 110 101 94.7 90.2 88.6 87.5 86.7 86.2 85.9 85.7 85.7
43 138 138 137 134 129 123 119 117 116 116 116 116 116 116 115
44 138 132 126 122 118 111 105 99.8 97.9 96.1 95.0 94.4 93.8 93.2 92.5
45 138 138 137 134 129 123 119 117 116 116 116 116 116 116 115