40 65 100 125 150 200 250 300 325 350 375 400 425 450 475
1 256 256 256 256 256 256 253 248 246 243 241 …………
2 221 221 220 … 212 203 197 191 189 186 185 183 181 181 …
3 221 221 219 … 198 184 177 175 175 175 175 173 172 172 …
4 221 221 220 … 212 203 197 191 189 186 185 183 181 181 …
5 221 221 219 … 198 184 177 175 175 175 175 173 172 172 …
6 188 188 187 … 180 173 167 162 160 158 157 155 154 154 …
7 188 188 186 … 169 156 150 149 149 149 149 147 146 146 …
8 115 114 109 101 93.5 88.5 84.3 80.9 79.4 ………………
9 115 107 97.7 92.8 88.8 81.9 75.6 70.4 68.0 ………………
10 154 154 154 154 153 149 145 143 142 142 142 142 142 141 …
11 154 153 141 134 127 118 113 111 110 110 110 110 110 110 …
12 154 154 154 154 153 149 145 143 142 142 142 142 142 141 …
13 154 153 141 134 127 118 113 111 110 110 110 110 110 110 …
14 131 131 131 131 130 126 124 122 121 121 121 121 120 120 …
15 131 130 120 114 108 100 96.0 94.1 93.8 93.8 93.8 93.8 93.8 93.8 …
16 131 131 131 131 130 126 124 122 121 121 121 121 120 120 …
17 131 130 120 114 108 100 96.0 94.1 93.8 93.8 93.8 93.8 93.8 93.8 …
18 154 154 154 154 153 149 145 143 142 142 142 142 142 141 …
19 154 153 141 134 127 118 113 111 110 110 110 110 110 110 …
20 154 154 154 154 153 149 145 143 142 142 142 142 142 141 …
21 154 153 141 134 127 118 113 111 110 110 110 110 110 110 …
22 187 177 164 152 146 139 136 136 135 135 134 132 130 128 …
23 187 177 161 152 146 139 136 134 131 127 124 120 115 112 …
24 187 175 160 150 142 131 125 124 123 123 123 123 122 120 117
25 187 175 160 149 140 124 115 110 108 107 107 105 104 102 99.5
26 115 115 115 115 115 109 103 98.0 95.7 94.1 92.8 90.9 89.0 87.8 86.6
27 115 106 96.3 91.3 87.4 81.2 76.0 72.5 71.2 70.0 68.8 67.5 66.3 65.0 63.8
28 115 115 115 115 115 109 103 98.0 95.7 94.1 92.8 90.9 89.0 87.8 86.6
29 115 106 96.3 91.3 87.4 81.2 76.0 72.5 71.2 70.0 68.8 67.5 66.3 65.0 63.8
30 115 115 115 115 115 109 103 98.0 95.7 94.1 92.8 90.9 89.0 87.8 86.6
31 115 115 115 115 115 109 103 98.0 95.7 94.1 92.8 90.9 89.0 87.8 86.6
32 115 106 96.3 91.3 87.4 81.2 76.0 72.5 71.2 70.0 68.8 67.5 66.3 65.0 63.8
33 115 115 115 115 115 109 103 98.0 95.7 94.1 92.8 90.9 89.0 87.8 86.6
34 115 106 96.3 91.3 87.4 81.2 76.0 72.5 71.2 70.0 68.8 67.5 66.3 65.0 63.8
35 115 115 115 115 115 109 103 98.0 95.7 94.1 92.8 90.9 89.0 87.8 86.6
36 115 106 96.3 91.3 87.4 81.2 76.0 72.5 71.2 70.0 68.8 67.5 66.3 65.0 63.8
37 115 115 115 115 115 109 103 98.0 95.7 94.1 92.8 90.9 89.0 87.8 …
38 97.9 97.9 97.9 97.9 97.9 93.0 87.2 82.9 81.6 80.2 78.4 77.2 75.9 74.7 73.4
39 97.9 90.3 82.1 77.8 74.3 68.7 64.8 61.4 60.4 59.7 58.4 57.2 55.9 55.2 54.7
40 115 115 115 115 115 109 103 98.0 95.7 94.1 92.8 90.9 89.0 87.8 86.6
41 115 106 96.3 91.3 87.4 81.2 76.0 72.5 71.2 70.0 68.8 67.5 66.3 65.0 63.8
42 97.9 97.9 97.9 97.9 97.9 93.0 87.2 82.9 81.6 80.2 78.4 77.2 75.9 74.7 73.4
43 97.9 90.3 82.1 77.8 74.3 68.7 64.8 61.4 60.4 59.7 58.4 57.2 55.9 55.2 54.7
44 115 115 115 115 115 109 103 98.0 95.7 94.1 92.8 90.9 89.0 87.8 …
45 115 115 115 115 115 109 103 98.0 95.7 94.1 92.8 90.9 89.0 87.8 86.6