40 65 100 125 150 200 250 300 325 350 375 400 425 450 475 500
1 195 195 195 193 191 189 189 188 187 186 184 180 176 156 133 …
2 241 241 241 241 241 241 240 238 236 234 231 ……… … …
3 195 195 195 195 195 195 195 192 189 186 182 178 174 170 164 159
4 195 195 195 195 195 195 195 192 189 186 182 178 174 170 164 159
5 195 195 195 195 195 195 195 192 189 186 182 178 174 170 164 159
6 195 195 195 195 195 195 195 192 189 186 182 178 174 170 164 159
7 195 195 195 195 195 195 195 192 189 186 182 178 174 170 164 159
8 138 133 128 126 125 124 123 123 123 123 123 123 122 112 101 …
9 138 133 128 126 125 124 123 123 123 123 123 123 122 112 101 …
10 138 132 128 127 125 124 123 123 123 123 123 123 122 112 101 …
11 138 133 128 126 125 124 123 123 123 123 123 123 122 112 101 …
12 138 133 128 126 125 124 123 123 123 123 123 123 122 112 101 …
13 138 133 128 126 125 124 123 123 123 123 123 ……… … …
14 172 172 172 170 167 166 166 165 164 162 161 158 156 136 113 …
15 172 172 172 170 167 166 166 165 164 162 161 158 156 136 113 …
16 172 172 172 170 167 166 166 165 164 162 161 158 156 136 113 …
17 195 195 195 192 187 182 179 176 175 173 172 170 168 165 162 …
18 195 195 195 192 187 182 179 176 175 173 172 170 168 165 162 …
19 195 195 195 192 187 182 179 176 175 173 172 170 168 165 162 …
20 195 195 195 192 187 182 179 176 175 173 172 170 168 165 162 …
21 195 195 195 192 187 182 179 176 175 173 172 170 168 165 162 …
22 195 195 195 192 187 182 179 176 175 173 172 170 168 165 162 …
23 138 131 124 121 120 119 118 117 115 114 112 ……… … …
24 138 131 124 121 120 119 118 117 115 114 112 ……… … …
25 138 131 124 121 120 119 118 117 115 114 112 ……… … …
26 138 131 124 121 120 119 118 117 115 114 112 ……… … …
27 138 131 124 121 120 119 118 117 115 114 112 ……… … …
28 138 131 124 121 120 119 118 117 115 114 112 ……… … …
29 138 131 124 121 120 119 118 117 115 114 112 ……… … …
30 138 138 138 136 134 132 132 131 130 128 125 ……… … …
31 161 161 160 158 156 154 154 153 151 149 146 ……… … …
32 172 172 171 169 167 165 165 164 162 159 156 ……… … …
33 184 184 183 180 178 177 177 175 173 170 167 ……… … …
34 207 206 206 203 201 199 198 196 194 191 188 ……… … …
35 207 206 206 203 201 199 198 196 194 191 188 ……… … …
36 207 206 206 203 201 199 198 196 194 191 188 ……… … …
37 138 131 124 121 120 119 118 117 115 114 112 ……… … …
38 138 131 124 121 120 119 118 117 115 114 112 ……… … …
39 138 131 124 121 120 119 118 117 115 114 112 ……… … …
40 138 131 124 121 120 119 118 117 115 114 112 ……… … …
41 138 131 124 121 120 119 118 117 115 114 112 ……… … …
42 138 131 124 121 120 119 118 117 115 114 112 ……… … …
43 138 131 124 121 120 119 118 117 115 114 112 ……… … …
44 138 131 124 121 120 119 118 117 115 114 112 ……… … …
45 195 195 195 192 189 188 187 186 184 180 177 ……… … …