40 65 100 125 150 200 250 300 325 350 375 400 425 450 475
1 134 128 120 115 111 104 97.6 93.1 90.7 88.4 86.6 84.7 83.5 82.3 80.5
2 134 134 133 131 129 126 125 124 122 119 117 115 113 111 109
3 158 158 158 155 152 148 146 145 144 140 137 135 133 130 128
4 158 150 141 136 131 122 115 109 107 104 102 99.9 98.0 96.1 94.9
5 134 128 120 115 111 104 97.6 93.1 90.7 88.4 86.6 84.7 83.5 82.3 80.5
6 134 134 133 131 129 126 125 124 122 119 117 115 113 111 109
7 158 158 158 155 152 148 146 145 144 140 137 135 133 130 …
8 158 158 158 155 152 148 146 145 144 140 137 135 133 130 128
9 158 150 141 136 131 122 115 109 107 104 102 99.9 98.0 96.1 94.9
10 158 158 158 155 152 148 146 145 144 140 137 135 133 130 128
11 158 158 158 155 152 148 146 145 144 140 137 135 133 130 128
12 158 150 141 136 131 122 115 109 107 104 102 99.9 98.0 96.1 94.9
13 158 158 158 155 152 148 146 145 144 140 137 135 133 130 …
14 158 158 158 155 152 148 146 145 144 140 137 135 133 130 …
15 158 158 158 155 152 148 146 145 144 140 137 135 133 130 …
16 158 158 158 155 152 148 146 145 144 140 137 135 133 130 128
17 158 150 141 136 131 122 115 109 107 104 102 99.9 98.0 96.1 94.9
18 166 166 166 166 166 164 158 154 152 149 145 142 139 136 …
19 166 166 166 166 166 164 158 154 152 149 145 142 139 136 …
20 138 138 138 138 138 134 125 117 116 114 112 111 110 109 108
21 138 130 120 114 109 99.3 92.2 86.7 85.0 84.1 82.9 82.0 81.4 80.6 79.8
22 147 147 130 121 114 …………………………
23 147 147 140 134 130 …………………………
24 147 147 130 121 114 …………………………
25 147 147 140 134 130 …………………………
26 187 171 154 145 135 …………………………
27 187 171 154 145 135 …………………………
28 138 133 118 112 108 106 106 106 106 106 105 103 101 98.7 …
29 138 120 109 104 99.3 93.4 90.0 87.2 85.6 83.8 81.7 79.3 76.9 74.7 …
30 154 … 154 … 145 138 130 ……………………
31 154 … 140 … 121 113 104 ……………………
32 197 196 191 185 179 172 168 165 163 161 158 154 151 147 …
33 197 196 191 182 172 152 140 134 131 129 127 125 123 120 …
34 168 166 162 157 152 146 143 140 139 137 134 132 128 124 …
35 168 167 162 155 146 130 119 114 112 110 108 106 104 102 …
36 168 166 162 157 152 146 143 140 139 137 134 132 128 124 …
37 168 167 162 155 146 130 119 114 112 110 108 106 104 102 …
38 197 196 191 185 179 172 168 165 163 161 158 154 151 147 …
39 197 196 191 182 172 152 140 134 131 129 127 125 123 120 …
40 168 166 162 157 152 146 143 140 139 137 134 132 128 124 …
41 168 167 162 155 146 130 119 114 112 110 108 106 104 102 …
42 181 178 174 171 168 167 167 167 167 167 167 167 ………
43 154 152 148 145 143 142 142 142 142 142 142 142 ………
44 181 178 174 171 168 167 167 167 167 167 167 167 ………
45 154 152 148 145 143 142 142 142 142 142 142 142 ………