40 65 100 125 150 200 250 300 325 350 375 400 425 450 475 500
1 138 138 138 138 138 138 134 128 125 123 120 119 117 115 ……
2 138 138 138 138 138 138 134 128 125 123 120 119 117 115 ……
3 138 138 138 138 138 138 134 128 125 123 120 119 117 115 ……
4 133 133 133 133 133 133 131 123 121 118 116 114 113 112 ……
5 138 138 138 138 138 138 134 128 125 123 120 119 117 115 ……
6 138 138 138 138 138 138 134 128 125 123 120 119 117 115 ……
7 138 138 138 138 138 138 134 128 125 123 120 119 117 115 ……
8 138 138 138 138 138 138 134 128 125 123 120 119 117 115 ……
9 117 117 117 117 117 117 114 109 106 104 102 101 99.4 98.1 ……
10 138 138 138 138 138 138 134 128 125 123 120 119 117 115 ……
11 138 138 138 138 138 138 134 128 125 123 120 119 117 115 ……
12 117 117 117 117 117 117 114 109 106 104 102 101 99.4 98.1 ……
13 138 138 138 138 138 138 134 128 125 123 120 119 117 115 ……
14 138 138 138 138 138 138 134 128 125 123 120 119 117 115 ……
15 138 138 138 138 138 138 134 128 125 123 120 119 117 115 ……
16 138 138 138 138 138 138 134 128 125 123 120 119 117 115 ……
17 138 138 138 138 138 138 134 128 125 123 120 119 117 115 ……
18 117 117 117 117 117 117 114 109 106 104 102 101 99.4 98.1 ……
19 138 138 138 138 138 138 134 128 125 123 120 119 117 115 ……
20 138 138 138 138 138 138 134 128 125 123 120 119 117 115 ……
21 117 117 117 117 117 117 114 109 106 104 102 101 99.4 98.1 ……
22 117 117 117 117 117 117 114 109 106 104 102 101 99.4 98.1 ……
23 138 138 138 138 138 138 134 128 125 123 120 119 117 115 ……
24 138 138 138 138 138 138 134 128 125 123 120 119 117 115 ……
25 138 138 138 138 138 138 134 128 125 123 120 119 117 115 ……
26 138 138 138 138 138 138 134 128 125 123 120 119 117 115 ……
27 138 138 138 138 138 138 134 128 125 123 120 119 117 115 ……
28 138 138 138 138 138 138 134 128 125 123 120 119 117 115 ……
29 138 138 138 138 138 138 134 128 125 123 120 119 117 115 ……
30 117 117 117 117 117 117 114 109 106 104 102 101 99.4 98.1 ……
31 138 138 138 138 138 138 134 128 125 123 120 119 117 115 ……
32 138 138 138 138 138 138 134 128 125 123 120 119 117 115 ……
33 117 117 117 117 117 117 114 109 106 104 102 101 99.4 98.1 ……
34 138 138 138 138 138 138 134 128 125 123 120 119 117 115 ……
35 138 138 138 138 138 138 134 128 125 123 120 119 117 115 ……
36 117 117 117 117 117 117 114 109 106 104 102 101 99.4 98.1 ……
37 138 138 138 138 138 138 134 128 125 123 120 119 117 115 ……
38 138 138 138 138 138 138 134 128 125 123 120 119 117 115 ……
39 117 117 117 117 117 117 114 109 106 104 102 101 99.4 98.1 ……
40 117 117 117 117 117 117 114 109 106 104 102 101 99.4 98.1 ……
41 138 138 138 138 138 138 134 128 125 123 120 119 117 115 ……
42 138 138 138 138 138 138 134 128 125 123 120 119 117 115 ……
43 138 138 138 138 138 138 134 128 125 123 120 119 117 115 ……
44 138 138 138 138 138 138 134 128 125 123 120 119 117 115 ……
45 138 138 138 138 138 129 122 116 114 111 109 107 105 103 ……