40 65 100 125 150 200 250 300 325 350 375 400 425 450 475
1 118 118 118 116 114 112 110 107 105 104 ……………
2 101 101 101 99.0 97.1 95.3 93.5 91.3 89.7 87.7 ……………
3 118 118 118 116 114 112 110 107 105 104 ……………
4 118 118 118 113 108 101 96.6 94.0 93.8 ………………
5 101 101 100 96.5 91.5 85.9 81.9 80.3 79.7 79.3 79.2 78.6 77.3 76.1 …
6 118 118 118 113 108 101 96.6 94.0 93.8 93.7 93.0 92.3 91.1 89.8 …
7 101 101 100 96.5 91.5 85.9 81.9 80.3 79.7 79.3 79.2 78.6 77.3 76.1 …
8 118 118 118 113 108 101 96.6 94.0 93.8 93.7 93.0 92.3 91.1 89.8 …
9 101 101 100 96.5 91.5 85.9 81.9 80.3 79.7 ………………
10 118 118 118 116 114 111 109 107 105 104 102 99.7 97.0 93.8 …
11 100 100 100 98.5 97.0 94.6 92.8 90.8 89.7 88.3 86.7 84.8 82.5 79.7 …
12 138 138 138 136 133 130 127 124 123 121 119 116 113 110 91.7
13 168 168 168 167 167 165 164 163 162 162 161 …………
14 168 168 168 167 167 165 164 163 162 162 161 …………
15 168 168 168 167 167 165 164 163 162 162 161 …………
16 142 142 142 142 142 140 139 139 138 138 137 …………
17 142 142 142 142 142 140 139 139 138 ………………
18 138 138 138 136 133 130 127 124 123 121 119 …………
19 118 118 118 116 114 111 111 111 111 111 ……………
20 128 128 128 127 126 125 125 125 125 125 ……………
21 109 109 109 108 107 106 106 106 106 106 ……………
22 128 128 128 127 126 125 125 125 125 125 ……………
23 128 128 128 127 126 125 125 125 125 125 125 …………
24 128 128 128 127 126 125 125 125 125 125 ……………
25 109 109 109 108 107 106 106 106 106 106 ……………
26 128 128 128 128 127 126 124 122 121 119 ……………
27 109 109 109 109 108 106 106 104 103 101 ……………
28 134 134 134 134 133 131 130 128 126 124 ……………
29 134 134 134 134 133 131 130 128 126 124 ……………
30 114 114 114 113 113 112 111 109 108 106 ……………
31 138 138 138 135 133 132 132 132 132 ………………
32 158 158 157 155 152 151 151 151 151 ………………
33 158 158 157 155 152 151 151 151 151 ………………
34 134 134 134 132 130 128 128 128 128 ………………
35 138 137 135 134 133 132 131 129 128 ………………
36 158 156 154 153 152 151 149 147 147 ………………
37 158 156 154 153 152 151 149 147 147 ………………
38 134 133 131 130 130 128 127 125 124 ………………
39 148 146 144 144 143 141 140 139 138 ………………
40 125 125 123 122 121 121 119 118 117 ………………
41 207 207 207 207 207 207 207 207 207 207 ……………
42 168 168 168 168 168 167 167 167 167 166 166 …………
43 177 177 177 177 177 177 177 177 177 177 ……………
44 148 148 148 148 148 148 148 148 148 148 148 148 148 142 107
45 148 148 148 148 148 148 148 148 148 148 148 …………