40 65 100 125 150 200 250 300 325 350 375 400 425 450 475
1 214 214 211 206 203 201 201 201 201 ………………
2 214 214 211 206 203 201 201 201 201 ………………
3 182 182 179 175 173 171 170 170 170 ………………
4 214 214 211 206 203 201 201 201 201 ………………
5 182 182 179 175 173 171 170 170 170 ………………
6 214 214 211 206 203 201 201 201 201 ………………
7 128 123 116 112 109 106 106 106 106 105 105 103 102 99.8 96.9
8 128 116 104 99.5 97.1 93.4 90.7 88.5 86.9 85.0 83.2 81.3 78.8 76.2 74.3
9 128 123 116 112 109 106 106 106 106 105 105 103 102 99.8 …
10 138 132 125 120 117 114 114 114 114 114 113 112 110 107 104
11 138 124 111 106 104 100 97.1 94.6 93.2 91.0 88.6 86.8 84.3 81.8 79.3
12 138 132 125 120 117 114 114 114 114 114 113 112 110 107 …
13 128 123 116 112 109 106 106 106 106 105 105 103 102 99.8 96.9
14 128 116 104 99.5 97.1 93.4 90.7 88.5 86.9 85.0 83.2 81.3 78.8 76.2 74.3
15 128 123 116 112 109 106 106 106 106 105 105 103 102 99.8 …
16 138 138 136 133 130 128 128 128 127 125 123 122 120 118 …
17 138 138 138 138 138 138 135 129 127 125 123 122 120 119 117
18 138 138 138 138 138 138 135 129 127 125 123 122 120 119 117
19 138 138 138 138 138 134 130 127 126 125 123 120 117 115 …
20 138 129 122 118 115 109 104 98.5 96.0 93.5 91.0 88.7 86.7 85.2 …
21 138 138 138 138 138 134 130 127 126 125 123 120 117 115 …
22 138 129 122 118 115 109 104 98.5 96.0 93.5 91.0 88.7 86.7 85.2 …
23 138 138 138 138 138 138 135 129 127 125 123 122 120 119 117
24 138 129 120 115 111 105 100 95.4 94.0 92.8 91.5 90.3 89.0 87.8 86.5
25 138 138 138 138 138 138 135 129 127 125 123 122 120 119 117
26 138 129 120 115 111 105 100 95.4 94.0 92.8 91.5 90.3 89.0 87.8 86.5
27 117 117 117 117 117 117 114 109 108 106 105 103 102 101 99.3
28 117 110 102 97.8 94.3 88.7 84.1 81.4 80.2 79.0 77.7 76.5 75.9 74.7 74.0
29 138 138 138 138 138 138 135 129 127 125 123 122 120 119 117
30 138 129 120 115 111 105 100 95.4 94.0 92.8 91.5 90.3 89.0 87.8 86.5
31 117 117 117 117 117 117 114 109 108 106 105 103 102 101 99.3
32 117 110 102 97.8 94.3 88.7 84.1 81.4 80.2 79.0 77.7 76.5 75.9 74.7 74.0
33 138 138 138 138 138 138 135 129 127 125 123 122 120 119 …
34 138 138 138 138 138 138 135 129 127 125 123 122 120 119 117
35 138 129 120 115 111 105 100 95.4 94.0 92.8 91.5 90.3 89.0 87.8 86.5
36 138 138 138 138 138 138 135 129 127 125 123 122 120 119 117
37 117 117 117 117 117 117 114 109 108 106 105 103 102 101 99.3
38 117 110 102 97.8 94.3 88.7 84.1 81.4 80.2 79.0 77.7 76.5 75.9 74.7 74.0
39 117 117 117 117 117 117 114 109 108 106 105 103 102 101 99.3
40 117 110 102 97.8 94.3 88.7 84.1 81.4 80.2 79.0 77.7 76.5 75.9 74.7 74.0
41 138 138 138 138 138 137 134 129 127 125 123 122 120 119 117
42 138 138 138 138 138 137 134 129 127 125 123 122 120 119 117
43 138 129 120 115 111 105 99.5 95.4 94.0 92.8 91.5 90.3 89.0 87.8 86.5
44 138 138 138 138 138 138 135 129 127 125 123 122 120 119 …
45 117 117 117 117 117 117 114 109 108 106 105 103 102 101 99.6