40 65 100 125 150 200 250 300 325 350 375 400 425 450 475 500
1 138 138 138 138 138 137 132 126 122 118 115 ……… … …
2 138 138 138 138 138 137 132 126 122 118 115 ……… … …
3 138 138 138 138 138 137 132 126 122 118 115 ……… … …
4 138 138 138 138 138 137 132 126 122 118 115 ……… … …
5 138 138 138 138 138 137 132 126 122 118 115 ……… … …
6 138 138 138 138 138 137 132 126 122 118 115 ……… … …
7 138 138 138 138 138 137 132 126 122 119 ………… … …
8 138 138 138 138 138 137 132 126 122 118 115 ……… … …
9 138 138 138 138 138 137 132 126 122 118 115 ……… … …
10 138 138 138 138 138 137 132 126 122 118 115 ……… … …
11 138 138 138 138 138 137 132 126 122 118 115 ……… … …
12 138 138 138 138 138 138 136 129 125 122 119 ……… … …
13 138 138 138 138 138 138 138 133 129 125 122 ……… … …
14 117 117 117 117 117 117 117 113 109 106 104 ……… … …
15 138 138 138 138 138 138 138 133 129 125 122 ……… … …
16 150 141 136 134 132 128 123 117 113 110 106 ……… … …
17 150 150 147 144 142 138 132 126 122 118 115 ……… … …
18 150 150 147 144 142 138 132 126 122 118 115 ……… … …
19 150 150 147 144 142 138 132 126 122 118 115 ……… … …
20 150 149 147 145 142 138 132 126 122 118 115 ……… … …
21 150 149 147 145 142 138 132 126 122 118 115 ……… … …
22 150 149 147 145 142 138 132 126 122 118 115 ……… … …
23 150 149 147 145 142 138 132 126 122 118 115 ……… … …
24 150 150 150 150 150 150 150 144 139 136 132 ……… … …
25 150 150 150 150 150 150 150 150 148 140 134 ……… … …
26 153 153 153 151 149 145 139 132 128 124 120 101 83.8 66.8 50.3 33.2
27 153 153 153 153 153 153 153 145 141 136 132 101 83.8 66.8 50.3 33.2
28 157 157 157 157 157 157 154 146 141 137 123 101 83.8 66.8 50.3 33.2
29 160 160 160 160 160 160 160 153 149 144 123 101 83.8 66.8 50.3 33.2
30 150 150 150 150 150 150 150 150 148 140 134 ……… … …
31 161 151 147 144 142 138 132 126 122 118 115 ……… … …
32 161 156 151 148 146 142 136 129 125 122 118 ……… … …
33 161 156 151 148 146 142 136 129 125 122 118 ……… … …
34 161 156 151 148 146 142 136 129 125 122 118 ……… … …
35 161 156 151 148 146 142 136 129 125 122 118 ……… … …
36 161 156 151 148 146 142 136 129 125 122 118 ……… … …
37 161 156 151 148 146 142 136 129 125 122 118 ……… … …
38 161 156 151 148 146 142 136 129 125 122 118 ……… … …
39 161 156 151 148 146 142 136 129 125 122 118 ……… … …
40 161 156 151 148 146 142 136 129 125 122 118 ……… … …
41 161 156 151 148 146 142 136 129 125 122 118 ……… … …
42 161 156 151 148 146 142 136 129 125 122 118 ……… … …
43 161 156 151 148 146 142 136 129 125 122 118 ……… … …
44 161 161 160 157 154 149 143 136 132 129 124 ……… … …
45 161 161 160 157 154 149 143 136 132 129 124 ……… … …