40 65 100 125 150 200 250 300 325 350 375 400 425 450 475
1 92.4 88.4 84.0 80.2 76.6 71.2 68.4 66.5 66.2 66.2 66.2 65.6 65.1 64.6 …
2 108 104 98.8 94.4 90.1 83.8 80.5 78.2 77.9 77.9 77.9 77.2 76.6 76.0 …
3 130 130 130 130 130 127 123 119 117 ………………
4 138 138 138 137 135 133 131 129 127 124 122 …………
5 138 138 138 137 135 133 131 129 127 124 122 …………
6 138 138 138 138 138 135 131 126 124 ………………
7 115 110 105 103 102 100 98.9 97.2 96.1 94.7 92.7 90.2 87.1 83.5 79.2
8 115 110 105 103 102 100 98.9 97.2 96.1 94.7 92.7 90.2 87.1 83.5 79.2
9 115 110 105 103 102 100 98.9 97.2 96.1 94.7 92.7 …………
10 115 110 105 103 102 100 98.9 97.2 96.1 94.7 92.7 90.2 87.1 83.5 79.2
11 118 118 118 117 116 114 113 111 109 107 104 101 97.5 93.2 88.4
12 101 101 101 99.7 98.5 96.7 95.4 93.9 92.4 90.5 88.6 86.1 83.0 79.3 75.2
13 92.4 92.4 92.3 91.4 90.3 89.0 87.8 86.3 84.8 82.9 81.0 78.5 76.0 73.5 …
14 108 108 108 107 106 104 103 101 99.6 98.0 95.5 92.9 89.2 85.5 …
15 118 118 118 117 116 114 113 111 109 107 104 101 97.5 93.0 88.3
16 118 118 118 117 116 114 113 111 109 107 104 101 97.5 93.0 88.3
17 101 101 101 99.7 98.5 96.7 95.4 93.9 92.4 90.5 88.6 86.1 82.9 79.4 74.1
18 128 128 126 125 123 120 119 117 115 114 111 108 104 100 89.9
19 138 138 138 137 135 133 131 129 127 124 122 118 113 109 92.1
20 138 138 138 137 135 133 131 129 127 124 122 118 113 109 92.1
21 138 138 138 137 135 133 131 129 127 124 122 …………
22 138 138 138 137 135 133 131 129 127 124 122 …………
23 168 168 167 166 164 162 159 157 154 151 148 143 138 123 93.5
24 177 177 177 176 174 171 169 166 163 160 156 151 146 117 83.3
25 177 177 177 176 174 171 169 166 163 160 156 …………
26 186 186 186 184 182 179 177 173 171 168 164 …………
27 216 216 216 215 212 208 204 200 198 195 192 189 184 180 …
28 227 227 227 227 227 225 217 209 205 202 197 …………
29 101 101 101 99.7 98.5 96.7 95.4 93.9 92.4 90.5 88.6 …………
30 118 118 118 117 116 114 113 111 109 107 104 101 97.5 93.3 86.2
31 128 128 126 125 123 120 119 117 115 114 111 108 104 101 87.8
32 101 101 101 99.7 98.5 96.7 95.4 93.9 92.4 90.5 88.6 86.1 83.0 79.4 73.3
33 118 118 118 117 116 114 113 111 109 107 104 101 97.5 93.3 86.2
34 128 128 126 125 123 120 119 117 115 114 111 108 104 101 87.8
35 138 138 138 137 135 133 131 129 127 124 122 118 113 109 90.1
36 221 221 221 ………………………………
37 266 266 266 266 266 259 254 251 249 247 ……………
38 266 266 266 266 266 259 254 251 249 247 ……………
39 266 266 266 266 266 259 254 251 249 247 ……………
40 276 276 276 276 276 269 263 260 258 256 ……………
41 276 276 276 276 276 269 263 260 258 256 ……………
42 276 276 276 276 276 269 263 260 258 256 ……………
43 285 285 285 285 285 279 273 270 267 265 ……………
44 285 285 285 285 285 279 273 270 267 265 ……………
45 285 285 285 285 285 279 273 270 267 265 ……………