40 65 100 125 150 200 250 300 325 350 375 400 425 450 475
1 151 151 151 148 145 142 142 ……………………
2 177 177 177 174 171 168 168 ……………………
3 151 151 151 148 145 142 142 ……………………
4 177 177 177 174 171 168 168 ……………………
5 197 197 196 191 186 182 182 182 182 ………………
6 168 167 166 163 158 155 155 155 155 ………………
7 197 197 196 191 186 182 182 182 182 ………………
8 168 167 166 163 158 155 155 155 155 ………………
9 197 197 196 191 186 182 182 182 182 ………………
10 262 262 262 262 260 255 245 243 …………………
11 262 262 262 262 260 255 245 243 …………………
12 215 215 213 208 204 198 196 195 195 ………………
13 215 215 213 208 204 198 196 195 195 ………………
14 215 215 213 208 204 198 196 195 195 ………………
15 215 215 213 208 204 198 196 195 195 ………………
16 229 229 227 221 217 211 208 207 207 ………………
17 229 229 227 221 217 211 208 207 207 ………………
18 229 229 227 221 217 211 208 207 207 ………………