40 65 100 125 150 200 250 300 325 350 375 400 425 450 475
1 138 126 113 107 103 95.7 89.9 85.9 84.1 82.2 80.5 79.2 77.3 76.0 74.8
2 138 138 137 134 130 126 122 116 114 111 109 107 105 103 101
3 138 126 113 107 103 95.7 89.9 85.9 84.1 82.2 80.5 79.2 77.3 76.0 74.8
4 138 138 137 134 130 126 122 116 114 111 109 107 105 103 …
5 117 117 117 114 111 107 103 98.5 96.5 94.7 92.8 90.9 89.1 87.1 85.9
6 117 107 96.2 91.2 87.4 81.1 76.6 72.7 71.2 70.0 68.8 67.5 66.3 65.0 63.8
7 138 138 137 134 130 126 122 116 114 111 109 107 105 103 …
8 138 138 137 134 130 126 122 116 114 111 109 107 105 103 …
9 138 138 137 134 130 126 122 116 114 111 109 107 105 103 …
10 138 138 137 134 130 126 122 116 114 111 109 107 105 103 …
11 138 138 137 134 130 126 122 116 114 111 109 107 105 103 …
12 138 138 137 134 130 126 122 116 114 111 109 107 105 103 101
13 140 140 140 140 140 131 123 118 115 113 111 108 106 105 103
14 140 124 115 109 105 97.1 91.5 87.1 85.2 83.5 81.9 80.3 78.9 77.4 76.0
15 152 148 142 138 134 130 128 128 128 128 127 …………
16 152 143 133 126 120 112 105 100 97.9 96.0 94.2 …………
17 152 148 142 138 134 130 128 128 128 128 ……………
18 152 143 133 126 120 112 105 100 97.9 96.0 ……………
19 152 148 142 138 134 130 128 128 128 128 ……………
20 152 148 142 138 134 130 128 128 128 128 ……………
21 138 134 130 126 122 119 118 115 114 111 109 107 105 103 …
22 138 134 130 126 122 119 118 115 114 111 109 107 105 103 …
23 138 138 137 134 130 126 122 116 114 111 109 107 105 103 …
24 138 138 137 134 130 126 122 116 114 111 109 107 105 103 …
25 138 138 137 134 130 126 122 116 114 111 109 107 105 103 …
26 138 138 137 134 130 126 122 116 114 111 109 107 105 103 …
27 138 138 137 134 130 126 122 116 114 111 109 107 105 103 …
28 138 138 137 134 130 126 122 116 114 111 109 107 105 103 …
29 138 138 137 134 130 126 122 116 114 111 109 107 105 103 …
30 138 138 137 134 130 126 122 116 114 111 109 107 105 103 …
31 138 138 137 134 130 126 122 116 114 111 109 107 105 103 …
32 138 138 137 134 130 126 122 116 114 111 109 107 105 103 …
33 138 138 137 134 130 126 122 116 114 111 109 107 105 103 …
34 158 158 158 154 149 141 132 125 122 120 118 116 115 113 …
35 158 158 158 154 149 141 132 125 122 120 118 116 115 113 111
36 158 144 129 121 115 105 97.6 92.9 90.9 89.3 88.0 86.1 84.9 83.7 81.8
37 158 158 158 154 149 141 132 125 122 120 118 116 115 113 111
38 158 144 129 121 115 105 97.6 92.9 90.9 89.3 88.0 86.1 84.9 83.7 81.8
39 158 158 158 154 149 141 132 125 122 120 118 116 115 113 111
40 158 144 129 121 115 105 97.6 92.9 90.9 89.3 88.0 86.1 84.9 83.7 81.8
41 134 134 133 131 127 120 112 106 104 102 100 99.2 97.4 95.4 94.2
42 134 122 110 103 97.7 88.9 82.9 79.1 77.2 75.5 74.3 73.0 72.4 71.3 69.4
43 134 134 133 131 127 120 112 106 104 102 100 99.2 97.4 95.4 94.2
44 158 158 158 154 149 141 132 125 122 120 118 116 115 113 111
45 158 144 129 121 115 105 97.6 92.9 90.9 89.3 88.0 86.1 84.9 83.7 81.8