40 65 100 125 150 200 250 300 325 350 375 400 425 450 475
1 138 128 118 112 107 99.2 92.8 88.1 86.1 84.1 82.9 82.0 81.4 80.6 79.8
2 138 138 138 138 138 134 126 119 116 114 112 111 110 108 108
3 138 128 118 112 107 99.2 92.8 88.1 86.1 84.1 82.9 82.0 81.4 80.6 79.8
4 117 117 117 117 117 114 107 101 99.0 96.8 95.7 94.4 93.1 92.5 91.4
5 117 109 99.8 94.9 90.8 84.0 78.8 74.7 73.3 72.1 70.8 69.6 69.0 68.4 67.7
6 138 128 118 112 107 99.2 92.8 88.1 86.1 84.1 82.9 82.0 81.4 80.6 79.8
7 138 138 138 138 138 134 126 119 116 114 112 111 110 108 108
8 138 138 138 138 138 134 126 119 116 114 112 111 110 108 108
9 138 128 118 112 107 99.2 92.8 88.1 86.1 84.1 82.9 82.0 81.4 80.6 79.8
10 117 117 117 117 117 114 107 101 99.0 96.8 95.7 94.4 93.1 92.5 91.4
11 117 109 99.8 94.9 90.8 84.0 78.8 74.7 73.3 72.1 70.8 69.6 69.0 68.4 67.7
12 138 138 138 138 138 134 126 119 116 114 112 111 110 108 …
13 138 138 138 138 138 134 126 119 116 114 112 111 110 108 108
14 138 128 118 112 107 99.2 92.8 88.1 86.1 84.1 82.9 82.0 81.4 80.6 79.8
15 138 138 138 138 138 134 126 119 116 114 112 111 110 108 108
16 138 138 138 138 138 134 126 119 116 114 112 111 110 108 108
17 138 128 118 112 107 99.2 92.8 88.1 86.1 84.1 82.9 82.0 81.4 80.6 79.8
18 138 138 138 138 138 134 126 119 116 114 112 111 110 108 …
19 138 138 138 138 138 134 126 119 116 114 112 111 110 108 …
20 138 138 138 138 138 134 126 119 116 114 112 111 110 108 108
21 147 147 147 147 147 139 131 125 123 121 119 116 114 112 110
22 147 133 123 117 112 103 97.0 93.0 91.0 89.0 88.0 86.0 85.0 83.0 81.0
23 147 147 147 147 147 142 133 127 124 122 120 118 117 116 114
24 147 134 125 119 114 105 98.7 93.7 91.8 90.1 88.7 87.5 86.5 85.6 84.8
25 138 138 138 138 138 134 125 117 116 114 112 111 110 109 108
26 138 130 120 114 109 99.3 92.2 86.7 85.0 84.1 82.9 82.0 81.4 80.6 79.8
27 138 138 138 134 130 124 119 115 113 110 107 105 102 99.7 …
28 138 138 138 134 130 124 119 115 113 110 107 105 102 99.7 …
29 138 138 138 138 138 131 122 116 113 110 107 105 102 99.7 …
30 138 138 138 138 138 131 122 116 113 110 107 105 102 99.7 …
31 138 138 138 138 138 131 122 116 113 110 107 105 102 99.7 …
32 138 138 138 138 138 131 122 116 113 110 107 105 102 99.7 …
33 138 138 138 138 138 131 122 116 113 110 107 105 102 99.7 …
34 138 138 138 138 138 131 122 116 113 110 107 105 102 99.7 …
35 138 138 138 138 138 131 122 116 113 110 107 105 102 99.7 …
36 138 138 138 138 138 131 122 116 113 110 107 105 102 99.7 …
37 138 138 138 138 138 131 122 116 113 110 107 105 102 99.7 …
38 138 138 138 138 138 131 122 116 113 110 107 105 102 99.7 …
39 158 158 158 155 152 148 146 145 144 140 137 135 133 130 …
40 158 158 158 155 152 148 146 145 144 140 137 135 133 130 128
41 158 150 141 136 131 122 115 109 107 104 102 99.9 98.0 96.1 94.9
42 158 158 158 155 152 148 146 145 144 140 137 135 133 130 128
43 158 150 141 136 131 122 115 109 107 104 102 99.9 98.0 96.1 94.9
44 158 158 158 155 152 148 146 145 144 140 137 135 133 130 128
45 158 150 141 136 131 122 115 109 107 104 102 99.9 98.0 96.1 94.9