40 65 100 125 150 200 250 300 325 350 375 400 425 450 475
1 134 134 133 131 127 120 112 106 104 102 100 99.2 97.4 95.4 94.2
2 134 122 110 103 97.7 88.9 82.9 79.1 77.2 75.5 74.3 73.0 72.4 71.3 69.4
3 158 158 158 154 149 141 132 125 122 120 118 116 115 113 …
4 158 158 158 154 149 141 132 125 122 120 118 116 115 113 111
5 158 144 129 121 115 105 97.6 92.9 90.9 89.3 88.0 86.1 84.9 83.7 81.8
6 158 158 158 154 149 141 132 125 122 120 118 116 115 113 111
7 158 144 129 121 115 105 97.6 92.9 90.9 89.3 88.0 86.1 84.9 83.7 81.8
8 158 158 158 154 149 141 132 125 122 120 118 116 115 113 111
9 158 158 158 154 149 141 132 125 122 120 118 116 115 113 …
10 134 134 133 131 127 120 112 106 104 102 100 99.2 97.4 95.4 94.2
11 134 122 110 103 97.7 88.9 82.9 79.1 77.2 75.5 74.3 73.0 72.4 71.3 69.4
12 158 158 158 154 149 141 132 125 122 120 118 116 115 113 …
13 158 158 158 154 149 141 132 125 122 120 118 116 115 113 …
14 158 158 158 154 149 141 132 125 122 120 118 116 115 113 111
15 158 144 129 121 115 105 97.6 92.9 90.9 89.3 88.0 86.1 84.9 83.7 81.8
16 157 157 157 157 154 148 145 145 145 145 142 139 137 134 …
17 157 157 157 157 157 157 147 140 137 135 133 130 128 126 124
18 157 157 145 136 129 117 109 104 102 100 98.2 96.7 95.1 93.4 91.6
19 187 185 176 164 152 137 128 123 121 119 118 116 116 115 …
20 157 157 157 157 157 157 153 147 145 143 140 139 137 135 133
21 157 144 135 130 126 119 113 109 107 106 104 103 101 99.9 98.5
22 115 115 115 114 112 107 103 101 101 101 101 101 101 100 100
23 115 110 105 101 98.5 92.2 87.1 83.0 81.6 80.3 79.2 78.6 78.0 77.3 77.2
24 138 135 131 126 121 115 111 108 108 108 108 108 108 108 …
25 138 135 131 126 121 115 111 109 109 108 108 108 108 108 108
26 138 132 126 122 118 111 105 99.8 97.9 96.1 95.0 94.4 93.8 93.2 92.5
27 138 135 131 126 121 115 111 108 108 108 108 108 108 108 …
28 138 135 131 126 121 115 111 109 109 108 108 108 108 108 108
29 138 135 131 126 121 115 111 109 109 108 108 108 108 108 108
30 138 132 126 122 118 111 105 99.8 97.9 96.1 95.0 94.4 93.8 93.2 92.5
31 138 132 126 122 118 111 105 99.8 97.9 96.1 95.0 94.4 93.8 93.2 92.5
32 138 135 131 126 121 115 111 108 108 108 108 108 108 108 108
33 138 132 126 122 118 111 105 99.8 97.9 96.1 95.0 94.4 93.8 93.2 92.5
34 138 135 131 126 121 115 111 108 108 108 108 108 108 108 108
35 138 132 126 122 118 111 105 99.8 97.9 96.1 95.0 94.4 93.8 93.2 92.5
36 138 135 131 126 121 115 111 109 109 108 108 108 108 108 108
37 138 135 131 126 121 115 111 109 109 108 108 108 108 108 108
38 138 132 126 122 118 111 105 99.8 97.9 96.1 95.0 94.4 93.8 93.2 92.5
39 138 132 126 122 118 111 105 99.8 97.9 96.1 95.0 94.4 93.8 93.2 92.5
40 138 135 131 126 121 115 111 108 108 108 108 108 108 108 108
41 138 138 137 134 129 123 119 117 116 116 116 116 116 116 115
42 138 132 126 122 118 111 105 99.8 97.9 96.1 95.0 94.4 93.8 93.2 92.5
43 138 138 137 134 129 123 119 117 116 116 116 116 116 116 115
44 138 132 126 122 118 111 105 99.8 97.9 96.1 95.0 94.4 93.8 93.2 92.5
45 138 138 137 134 129 123 119 117 116 116 116 116 116 116 115