40 65 100 125 150 200 250 300 325 350 375 400 425 450 475
1 138 128 118 112 107 99.2 92.8 88.1 86.1 84.1 82.9 82.0 81.4 80.6 79.8
2 117 117 117 117 117 114 107 101 99.0 96.8 95.7 94.4 93.1 92.5 91.4
3 117 109 99.8 94.9 90.8 84.0 78.8 74.7 73.3 72.1 70.8 69.6 69.0 68.4 67.7
4 138 138 138 138 135 131 123 118 116 113 111 109 107 105 103
5 138 126 115 109 105 97.1 91.3 87.3 85.4 83.8 82.5 80.6 79.4 78.1 76.9
6 117 117 117 117 115 111 105 99.9 97.9 96.0 94.2 93.0 91.1 89.3 87.4
7 117 107 98.5 93.0 88.8 82.5 78.0 74.1 72.6 71.4 70.1 68.9 67.7 66.4 65.2
8 138 138 138 138 138 134 126 119 116 114 112 111 110 108 108
9 117 117 117 116 115 111 105 99.9 97.9 96.0 94.2 93.0 91.1 89.3 87.4
10 117 108 98.3 93.0 88.8 82.5 78.0 74.1 72.6 71.4 70.1 68.9 67.7 66.4 65.2
11 138 138 138 137 135 131 123 118 116 113 111 109 107 105 103
12 138 127 115 109 105 97.1 91.2 87.3 85.4 83.8 82.5 80.6 79.4 78.1 76.9
13 117 117 117 116 115 111 105 99.9 97.9 96.0 94.2 93.0 91.1 89.3 87.4
14 117 108 98.3 93.0 88.8 82.5 78.0 74.1 72.6 71.4 70.1 68.9 67.7 66.4 65.2
15 117 117 117 116 115 111 105 99.9 97.9 96.0 94.2 93.0 91.1 89.3 87.4
16 117 108 98.3 93.0 88.8 82.5 78.0 74.1 72.6 71.4 70.1 68.9 67.7 66.4 65.2
17 117 117 117 116 115 111 105 99.9 97.9 96.0 94.2 93.0 91.1 89.3 87.4
18 117 108 98.3 93.0 88.8 82.5 78.0 74.1 72.6 71.4 70.1 68.9 67.7 66.4 65.2
19 153 … 147 … 135 …………………………
20 153 … 124 … 111 …………………………
21 153 … 147 … 135 …………………………
22 153 … 124 … 111 …………………………
23 153 … 147 … 135 …………………………
24 153 … 124 … 111 …………………………
25 130 … 125 … 116 …………………………
26 130 … 105 … 94.4 …………………………
27 153 … 147 … 135 …………………………
28 153 … 124 … 111 …………………………
29 138 138 137 134 130 126 122 116 114 111 109 107 105 103 101
30 138 126 113 107 103 95.7 89.9 85.9 84.1 82.2 80.5 79.2 77.3 76.0 74.8
31 138 138 137 134 130 126 122 116 114 111 109 107 105 103 101
32 138 126 113 107 103 95.7 89.9 85.9 84.1 82.2 80.5 79.2 77.3 76.0 74.8
33 117 117 117 114 111 107 103 98.5 96.5 94.7 92.8 90.9 89.1 87.1 85.9
34 117 107 96.2 91.2 87.4 81.1 76.6 72.7 71.2 70.0 68.8 67.5 66.3 65.0 63.8
35 117 117 117 114 111 107 103 98.5 96.5 94.7 92.8 90.9 89.1 87.1 85.9
36 117 107 96.2 91.2 87.4 81.1 76.6 72.7 71.2 70.0 68.8 67.5 66.3 65.0 63.8
37 147 … 147 … 147 145 ………………………
38 147 … 121 … 113 107 ………………………
39 147 … 147 … 147 145 ………………………
40 147 … 121 … 113 107 ………………………
41 147 … 147 … 147 145 ………………………
42 147 … 121 … 114 106 ………………………
43 125 … 125 … 125 124 ………………………
44 125 … 103 … 97.2 90.4 ………………………
45 147 … 147 … 147 145 ………………………