40 65 100 125 150 200 250 300 325 350 375 400 425 450 475
1 148 148 148 148 148 148 148 143 139 135 130 …………
2 148 148 148 148 148 148 148 143 139 135 130 …………
3 148 148 148 148 148 148 148 143 139 135 130 …………
4 148 148 148 148 148 148 148 148 147 141 133 107 88.1 67.6 50.8
5 148 148 148 148 148 148 148 148 147 141 133 …………
6 148 148 148 148 148 148 148 148 148 148 ……………
7 148 148 148 148 148 148 148 148 148 146 132 107 88.2 67.6 50.6
8 148 148 148 148 148 148 148 148 148 146 132 …………
9 148 148 147 147 145 144 144 144 144 142 123 …………
10 148 148 147 147 145 144 144 144 144 143 134 …………
11 148 148 147 147 145 144 144 144 144 143 134 …………
12 148 148 147 147 145 144 144 144 144 143 ……………
13 148 148 147 147 145 144 144 144 144 143 ……………
14 148 148 147 147 145 144 144 144 144 143 ……………
15 148 148 147 147 145 144 144 144 144 143 ……………
16 158 158 158 158 158 158 158 158 157 152 133 107 88.1 67.6 50.8
17 158 158 158 158 158 158 158 158 158 158 133 107 88.1 67.6 50.8
18 158 158 158 158 158 156 156 156 156 155 153 …………
19 158 158 158 157 156 154 154 154 154 151 132 …………
20 158 158 158 157 156 154 154 154 154 151 132 …………
21 158 158 158 157 156 154 154 154 154 151 132 …………
22 158 158 158 157 156 154 154 154 154 151 132 …………
23 158 158 158 157 156 154 154 154 154 151 132 …………
24 158 158 158 157 156 154 154 154 154 151 ……………
25 158 158 158 158 158 158 158 158 158 158 ……………
26 158 158 158 158 158 158 158 158 158 158 ……………
27 159 159 159 158 157 156 156 155 155 149 133 …………
28 163 163 163 162 161 160 160 157 154 151 ……………
29 168 168 168 168 168 168 168 167 165 163 ……………
30 177 177 177 177 177 177 177 177 175 166 ……………
31 177 177 177 176 175 173 173 173 173 165 148 …………
32 177 177 177 176 175 173 173 173 173 165 148 …………
33 187 187 187 186 185 183 183 183 179 165 158 …………
34 138 138 138 138 138 138 138 138 138 138 135 …………
35 140 140 140 140 140 140 140 140 140 139 123 101 83.8 67.0 51.0
36 140 140 140 140 140 140 140 140 140 139 123 101 83.8 67.0 51.0
37 146 146 146 146 146 146 146 146 146 146 133 107 88.1 67.6 …
38 149 149 149 149 149 149 149 149 149 149 133 107 88.1 67.6 …
39 151 151 151 151 151 151 151 151 151 151 133 107 88.1 67.6 …
40 151 151 151 151 151 151 151 151 151 151 133 107 88.1 67.6 …
41 158 158 158 158 158 158 158 158 158 155 135 …………
42 118 118 118 118 118 118 118 118 118 118 ……………
43 118 118 118 118 118 118 118 118 118 118 ……………
44 138 138 138 138 138 138 138 138 138 138 ……………
45 138 138 138 138 138 138 138 138 138 138 ……………