40 65 100 125 150 200 250 300 325 350 375 400 425 450 475 500
1 138 138 138 138 138 133 125 119 116 114 112 110 109 108 ……
2 138 138 138 138 138 133 125 119 116 114 112 110 109 108 ……
3 138 138 138 138 138 133 125 119 116 114 112 110 109 108 ……
4 138 138 138 138 138 133 125 119 116 114 112 110 109 108 ……
5 138 138 138 138 138 134 126 119 116 114 112 111 110 108 ……
6 138 138 138 138 138 134 126 119 116 114 112 111 110 108 ……
7 117 117 117 117 117 114 107 101 99.0 96.8 95.7 94.4 93.1 92.5 ……
8 138 138 138 138 138 134 126 119 116 114 112 111 110 108 ……
9 138 138 138 138 138 134 126 119 116 114 112 111 110 108 ……
10 117 117 117 117 117 114 107 101 99.0 96.8 95.7 94.4 93.1 92.5 ……
11 138 138 138 138 138 134 126 119 116 114 112 111 110 108 ……
12 138 138 138 138 138 131 123 118 116 113 111 109 107 105 ……
13 138 138 138 138 138 131 123 118 116 113 111 109 107 105 ……
14 138 138 138 138 138 129 122 116 114 111 109 107 105 103 ……
15 138 138 138 138 138 129 122 116 114 111 109 107 105 103 ……
16 117 117 117 117 117 110 103 98.5 96.5 94.7 92.8 90.9 89.1 87.2 ……
17 138 138 138 138 138 129 122 116 114 111 109 107 105 103 ……
18 117 117 117 117 117 110 103 98.5 96.5 94.7 92.8 90.9 89.1 87.2 ……
19 138 138 138 138 138 129 122 116 114 111 109 107 105 103 ……
20 207 207 206 200 193 183 171 162 158 …………… … …
21 207 207 206 200 193 183 171 162 158 …………… … …
22 207 207 206 200 193 183 171 162 158 …………… … …
23 176 176 175 170 164 156 145 137 135 …………… … …
24 207 207 206 200 193 183 171 162 158 …………… … …
25 207 207 206 200 193 183 171 162 158 …………… … …
26 207 207 207 204 199 193 188 186 185 …………… … …
27 207 207 207 204 199 193 188 186 185 …………… … …
28 207 207 207 204 199 193 188 186 185 …………… … …
29 176 176 176 173 169 164 160 158 157 …………… … …
30 207 207 207 204 199 193 188 186 185 …………… … …
31 176 176 176 173 169 164 160 158 157 …………… … …
32 218 218 218 214 210 203 199 196 196 …………… … …
33 218 218 218 214 210 203 199 196 196 …………… … …
34 186 186 186 182 179 173 169 167 166 …………… … …
35 218 218 218 214 210 203 199 196 196 …………… … …
36 218 218 218 214 210 203 199 196 196 …………… … …
37 186 186 186 182 179 173 169 167 166 …………… … …
38 230 229 228 222 216 210 206 202 201 200 198 196 195 194 ……
39 230 229 228 222 216 210 206 202 201 200 198 196 195 194 ……
40 230 229 228 222 216 210 206 202 201 200 198 196 195 194 ……
41 195 190 182 175 169 160 153 147 145 144 142 140 138 136 ……
42 230 229 228 222 216 210 206 202 201 200 198 196 195 194 ……
43 230 229 228 222 216 210 206 202 201 200 198 196 195 194 ……
44 195 195 194 189 184 178 174 172 171 170 169 167 166 164 ……
45 230 229 228 222 216 210 206 202 201 200 198 196 195 194 ……