40 65 100 125 150 200 250 300 325 350 375 400 425 450 475
1 115 115 115 115 115 109 103 98.0 95.7 94.1 92.8 90.9 89.0 87.8 …
2 115 115 115 115 115 109 103 98.0 95.7 94.1 92.8 90.9 89.0 87.8 86.6
3 115 106 96.3 91.3 87.4 81.2 76.0 72.5 71.2 70.0 68.8 67.5 66.3 65.0 63.8
4 115 115 115 115 115 109 103 98.0 95.7 94.1 92.8 90.9 89.0 87.8 …
5 97.9 97.9 97.9 97.9 97.9 93.0 87.2 82.9 81.6 80.2 78.4 77.2 75.9 74.7 73.4
6 97.9 90.3 82.1 77.8 74.3 68.7 64.8 61.4 60.4 59.7 58.4 57.2 55.9 55.2 54.7
7 115 115 115 115 115 109 103 98.0 95.7 94.1 92.8 90.9 89.0 87.8 …
8 115 115 115 115 115 109 103 98.0 95.7 94.1 92.8 90.9 89.0 87.8 …
9 138 138 138 136 134 133 126 119 116 114 112 111 110 108 108
10 138 128 118 112 107 99.2 92.8 88.1 86.1 84.1 82.9 82.0 81.4 80.6 79.8
11 138 138 138 136 134 133 126 119 116 114 112 111 110 108 108
12 138 128 118 112 107 99.2 92.8 88.1 86.1 84.1 82.9 82.0 81.4 80.6 79.8
13 138 138 138 136 134 133 126 119 116 114 112 111 110 108 108
14 138 128 118 112 107 99.2 92.8 88.1 86.1 84.1 82.9 82.0 81.4 80.6 79.8
15 138 138 138 136 134 133 126 119 116 114 112 111 110 108 108
16 138 128 118 112 107 99.2 92.8 88.1 86.1 84.1 82.9 82.0 81.4 80.6 79.8
17 138 138 138 138 138 134 126 119 116 114 112 111 110 108 108
18 138 128 118 112 107 99.2 92.8 88.1 86.1 84.1 82.9 82.0 81.4 80.6 79.8
19 138 138 138 138 138 134 126 119 116 114 112 111 110 108 108
20 138 128 118 112 107 99.2 92.8 88.1 86.1 84.1 82.9 82.0 81.4 80.6 79.8
21 138 138 138 138 138 134 126 119 116 114 112 111 110 108 108
22 138 128 118 112 107 99.2 92.8 88.1 86.1 84.1 82.9 82.0 81.4 80.6 79.8
23 138 128 118 112 107 99.2 92.8 88.1 86.1 84.1 82.9 82.0 81.4 80.6 79.8
24 138 138 138 138 138 134 126 119 116 114 112 111 110 108 108
25 117 117 117 117 117 114 107 101 99.0 96.8 95.7 94.4 93.1 92.5 91.4
26 117 109 99.8 94.9 90.8 84.0 78.8 74.7 73.3 72.1 70.8 69.6 69.0 68.4 67.7
27 138 138 138 138 138 134 126 119 116 114 112 111 110 108 108
28 138 128 118 112 107 99.2 92.8 88.1 86.1 84.1 82.9 82.0 81.4 80.6 79.8
29 117 117 117 117 117 114 107 101 99.0 96.8 95.7 94.4 93.1 92.5 91.4
30 117 109 99.8 94.9 90.8 84.0 78.8 74.7 73.3 72.1 70.8 69.6 69.0 68.4 67.7
31 138 138 138 138 138 134 126 119 116 114 112 111 110 108 …
32 138 138 138 138 138 134 126 119 116 114 112 111 110 108 108
33 138 128 118 112 107 99.2 92.8 88.1 86.1 84.1 82.9 82.0 81.4 80.6 79.8
34 138 138 138 138 138 134 126 119 116 114 112 111 110 108 108
35 138 138 138 138 138 134 126 119 116 114 112 111 110 108 …
36 138 138 138 138 138 134 126 119 116 114 112 111 110 108 108
37 138 128 118 112 107 99.2 92.8 88.1 86.1 84.1 82.9 82.0 81.4 80.6 79.8
38 138 138 138 138 138 134 126 119 116 114 112 111 110 108 …
39 117 117 117 117 117 114 107 101 99.0 96.8 95.7 94.4 93.1 92.5 91.4
40 117 109 99.8 94.9 90.8 84.0 78.8 74.7 73.3 72.1 70.8 69.6 69.0 68.4 67.7
41 138 138 138 138 138 134 126 119 116 114 112 111 110 108 …
42 138 138 138 138 138 134 126 119 116 114 112 111 110 108 …
43 138 138 138 138 138 134 126 119 116 114 112 111 110 108 108
44 138 128 118 112 107 99.2 92.8 88.1 86.1 84.1 82.9 82.0 81.4 80.6 79.8
45 138 138 138 138 138 134 126 119 116 114 112 111 110 108 108