40 65 100 125 150 200 250 300 325 350 375 400 425 450 475
1 172 171 170 165 160 155 151 148 147 146 145 143 142 140 138
2 172 171 169 161 151 138 129 123 121 120 118 117 116 115 113
3 145 145 144 141 136 132 128 126 125 124 123 122 121 119 118
4 145 145 144 137 129 117 110 105 103 102 101 99.9 98.7 98.0 96.9
5 172 171 170 165 160 155 151 148 147 146 145 143 142 140 138
6 172 171 169 161 151 138 129 123 121 120 118 117 116 115 113
7 145 145 144 141 136 132 128 126 125 124 123 122 121 119 118
8 145 145 144 137 129 117 110 105 103 102 101 99.9 98.7 98.0 96.9
9 172 171 170 165 160 155 151 148 147 146 145 143 142 140 138
10 172 171 169 161 151 138 129 123 121 120 118 117 116 115 113
11 185 185 182 175 171 170 170 170 170 ………………
12 185 185 182 175 171 170 170 170 170 ………………
13 185 185 182 175 171 170 170 170 170 ………………
14 185 185 182 175 171 170 170 170 170 ………………
15 157 157 154 149 146 144 144 144 144 ………………
16 185 185 182 175 171 170 170 170 170 ………………
17 157 157 154 149 146 144 144 144 144 ………………
18 185 185 182 175 171 170 170 170 170 ………………
19 157 157 154 149 146 144 144 144 144 ………………
20 177 177 177 173 170 168 168 168 …………………
21 177 177 177 174 171 165 161 160 159 ………………
22 177 177 177 174 171 165 161 160 159 ………………
23 177 177 177 174 171 165 161 160 159 ………………
24 177 177 177 174 171 165 161 160 159 ………………
25 151 151 151 148 145 140 137 135 135 ………………
26 177 177 177 174 171 165 161 160 159 ………………
27 151 151 151 148 145 140 137 135 135 ………………
28 177 177 177 174 171 165 161 160 159 ………………
29 151 151 151 148 145 140 137 135 135 ………………
30 177 177 177 174 171 165 161 160 159 ………………
31 187 187 187 184 180 174 170 168 168 ………………
32 187 187 187 184 180 174 170 168 168 ………………
33 187 187 187 184 180 174 170 168 168 ………………
34 187 187 187 184 180 174 170 168 168 ………………
35 159 159 159 156 153 148 145 143 143 ………………
36 187 187 187 184 180 174 170 168 168 ………………
37 187 187 187 184 180 174 170 168 168 ………………
38 159 159 159 156 153 148 145 143 143 ………………
39 187 187 187 184 180 174 170 168 168 ………………
40 187 187 187 184 180 174 170 168 168 ………………
41 187 187 187 184 180 174 170 168 168 ………………
42 159 159 159 156 153 148 145 143 143 ………………
43 134 133 132 128 123 116 111 107 106 104 102 101 101 99.5 98.2
44 197 196 195 191 185 180 176 174 173 171 170 169 167 165 163
45 197 196 195 191 185 180 176 174 172 169 167 165 162 161 159