40 65 100 125 150 200 250 300 325 350 375 400 425 450 475
1 118 118 118 116 114 114 113 112 111 109 107 104 100 96.1 81.4
2 118 118 118 116 114 114 113 112 111 109 107 104 100 96.1 81.4
3 118 118 118 116 114 114 113 112 111 109 107 104 100 96.1 81.4
4 118 118 118 116 114 114 113 112 111 109 107 104 100 96.1 81.4
5 118 118 118 116 114 114 113 112 111 109 107 104 100 96.1 81.4
6 118 118 118 116 114 114 113 112 111 109 107 …………
7 118 118 118 116 114 114 113 112 111 109 107 104 100 96.1 81.4
8 138 138 138 136 134 132 132 131 130 128 125 121 118 102 81.1
9 148 148 147 146 143 142 142 140 139 137 134 130 126 104 80.5
10 158 158 157 154 152 152 151 150 148 146 143 139 133 104 80.3
11 177 177 177 174 172 170 170 169 167 164 161 156 134 103 80.6
12 177 177 177 174 172 170 170 169 167 164 161 …………
13 177 177 177 174 172 170 170 169 167 164 161 156 134 103 80.6
14 118 118 118 116 114 114 113 112 111 109 107 104 100 96.1 81.4
15 118 118 118 116 114 114 113 112 111 109 107 104 100 96.1 81.4
16 118 118 118 116 114 114 113 112 111 109 107 104 100 96.1 81.4
17 118 118 118 116 114 114 113 112 111 109 107 104 100 96.1 81.4
18 118 118 118 116 114 114 113 112 111 109 107 104 100 95.8 91.8
19 118 118 118 116 114 114 113 112 111 109 107 104 100 95.8 91.8
20 118 118 118 116 114 114 113 112 111 109 107 104 100 95.8 91.8
21 118 118 118 116 114 114 113 112 111 109 107 104 100 95.8 91.8
22 168 167 166 164 162 161 161 159 157 155 152 147 142 137 121
23 168 167 166 164 162 161 161 159 157 155 152 147 142 137 121
24 177 177 177 174 172 170 170 169 167 164 161 156 151 145 123
25 177 177 177 174 172 170 170 169 167 164 161 …………
26 168 168 168 168 168 167 166 164 163 161 157 153 147 141 134
27 177 177 177 177 177 177 176 175 172 170 166 162 156 149 142
28 168 168 168 168 168 167 166 164 163 161 157 153 147 141 134
29 168 168 168 168 168 167 166 164 163 161 157 153 147 141 134
30 168 168 168 168 168 167 166 164 163 161 157 153 147 141 134
31 168 168 168 168 168 167 166 164 163 161 157 153 147 141 134
32 168 168 168 168 168 167 166 164 163 161 157 153 147 141 134
33 177 177 177 177 177 177 176 175 172 170 166 162 156 149 142
34 177 177 177 177 177 177 176 175 172 170 166 162 156 149 142
35 177 177 177 177 177 177 176 175 172 170 166 162 156 149 142
36 168 168 168 168 168 167 166 164 163 161 157 153 147 141 134
37 177 177 177 177 177 177 176 175 172 170 166 162 156 149 142
38 168 168 168 168 168 167 166 164 163 161 157 153 147 141 134
39 168 168 168 168 168 167 166 164 163 161 157 153 147 141 134
40 168 168 168 168 168 167 166 164 163 161 157 153 147 141 134
41 177 177 177 177 177 177 176 175 172 170 166 162 156 149 142
42 177 177 177 177 177 177 176 175 172 170 166 162 156 149 142
43 108 104 98.8 94.4 90.1 83.8 80.5 78.2 77.9 77.9 77.9 77.2 76.6 76.0 …
44 108 104 98.8 94.4 90.1 83.8 80.5 78.2 77.9 77.9 77.9 77.2 76.6 76.0 …
45 108 104 98.8 94.4 90.1 83.8 80.5 78.2 77.9 77.9 77.9 77.2 76.6 76.0 …